Salpida                     r=1.252   0.000  3.739  5.188  4.091  4.509  4.167  4.312  5.035  4.098  2.941  4.506  4.196  4.921  3.585  3.394  4.982  3.499  4.039  3.176  3.400  4.760  2.877  5.614  4.424  4.816  2.678  4.915
Eucalanidae                 r=1.306   3.739  0.000  4.712  5.489  4.294  5.608  5.150  4.366  4.171  4.449  5.427  4.328  4.569  2.893  4.802  5.484  5.030  4.423  4.544  3.183  4.529  4.050  5.007  2.393  5.222  3.125  3.572
Oncaeidae                   r=1.195   5.188  4.712  0.000  5.114  3.782  5.601  5.295  3.262  4.354  4.675  4.696  4.447  0.957  5.489  4.904  4.313  4.957  4.514  4.108  3.730  4.053  4.536  3.731  4.255  4.287  3.617  2.971
Phaeodaria                  r=0.993   4.091  5.489  5.114  0.000  4.181  4.080  3.888  4.877  5.432  4.428  2.468  3.654  5.015  4.893  4.554  3.318  4.264  5.238  4.385  4.505  4.653  4.838  4.488  5.019  3.900  3.917  4.703
Ostracoda                   r=1.387   4.509  4.294  3.782  4.181  0.000  4.539  3.635  3.757  4.589  4.079  3.533  4.342  4.082  5.006  4.814  3.710  5.294  4.532  4.461  4.394  4.506  4.424  3.636  3.607  2.696  3.834  3.173
Noctiluca                   r=0.791   4.167  5.608  5.601  4.080  4.539  0.000  3.048  4.305  5.363  3.911  4.205  4.057  5.421  4.922  4.920  3.587  4.494  5.060  4.137  5.448  5.823  4.427  4.191  5.747  4.474  4.805  5.610
egg__other                  r=1.034   4.312  5.150  5.295  3.888  3.635  3.048  0.000  4.029  4.820  4.574  2.806  4.748  5.271  5.231  4.365  3.707  4.649  4.651  4.476  4.888  4.734  4.962  3.978  5.031  2.809  4.184  4.841
nauplii__Crustacea          r=1.408   5.035  4.366  3.262  4.877  3.757  4.305  4.029  0.000  4.084  4.688  4.306  3.790  3.038  4.944  4.553  3.275  4.391  4.106  3.827  3.870  3.953  4.726  1.920  4.282  3.993  3.613  3.285
tail__Chaetognatha          r=1.304   4.098  4.171  4.354  5.432  4.589  5.363  4.820  4.084  0.000  4.383  4.908  4.940  4.178  4.630  2.641  4.721  3.455  0.889  3.864  4.139  3.754  3.868  4.762  4.805  4.789  3.470  4.251
gonophore__Diphyidae        r=1.307   2.941  4.449  4.675  4.428  4.079  3.911  4.574  4.688  4.383  0.000  4.690  3.973  4.499  4.265  4.245  4.446  3.920  4.058  2.139  4.286  5.673  1.361  5.083  4.887  4.894  3.734  5.066
Foraminifera                r=1.316   4.506  5.427  4.696  2.468  3.533  4.205  2.806  4.306  4.908  4.690  0.000  4.446  4.669  5.381  4.360  3.115  4.478  4.791  4.484  4.591  4.203  4.998  3.950  5.052  2.209  3.907  4.418
Penilia                     r=1.329   4.196  4.328  4.447  3.654  4.342  4.057  4.748  3.790  4.940  3.973  4.446  0.000  4.157  3.270  4.742  3.383  3.907  4.744  3.752  3.803  4.952  4.232  3.595  4.144  5.070  3.607  3.862
Harpacticoida               r=1.372   4.921  4.569  0.957  5.015  4.082  5.421  5.271  3.038  4.178  4.499  4.669  4.157  0.000  5.208  4.693  4.182  4.566  4.347  3.748  3.404  3.918  4.321  3.668  4.406  4.475  3.335  3.208
Haloptilus                  r=1.086   3.585  2.893  5.489  4.893  5.006  4.922  5.231  4.944  4.630  4.265  5.381  3.270  5.208  0.000  4.863  5.084  4.564  4.660  4.541  4.033  5.274  4.067  5.160  3.909  5.793  3.831  4.600
Oikopleuridae               r=1.243   3.394  4.802  4.904  4.554  4.814  4.920  4.365  4.553  2.641  4.245  4.360  4.742  4.693  4.863  0.000  4.652  2.326  2.516  3.445  3.916  3.662  4.136  5.147  5.087  4.571  3.083  4.517
Evadne                      r=1.321   4.982  5.484  4.313  3.318  3.710  3.587  3.707  3.275  4.721  4.446  3.115  3.383  4.182  5.084  4.652  0.000  4.434  4.512  4.202  4.999  4.477  4.746  2.388  5.209  3.711  4.411  4.251
Fritillariidae              r=1.202   3.499  5.030  4.957  4.264  5.294  4.494  4.649  4.391  3.455  3.920  4.478  3.907  4.566  4.564  2.326  4.434  0.000  3.164  2.807  3.925  4.246  3.915  4.974  5.384  5.010  3.281  4.915
tail__Appendicularia        r=1.320   4.039  4.423  4.514  5.238  4.532  5.060  4.651  4.106  0.889  4.058  4.791  4.744  4.347  4.660  2.516  4.512  3.164  0.000  3.584  4.397  4.127  3.656  4.696  4.993  4.754  3.669  4.392
eudoxie__Diphyidae          r=1.465   3.176  4.544  4.108  4.385  4.461  4.137  4.476  3.827  3.864  2.139  4.484  3.752  3.748  4.541  3.445  4.202  2.807  3.584  0.000  3.448  4.832  2.304  4.614  4.912  4.683  2.965  4.665
multiple__Copepoda          r=1.229   3.400  3.183  3.730  4.505  4.394  5.448  4.888  3.870  4.139  4.286  4.591  3.803  3.404  4.033  3.916  4.999  3.925  4.397  3.448  0.000  3.346  4.120  4.740  3.344  4.722  1.131  3.384
zoea__Decapoda              r=1.092   4.760  4.529  4.053  4.653  4.506  5.823  4.734  3.953  3.754  5.673  4.203  4.952  3.918  5.274  3.662  4.477  4.246  4.127  4.832  3.346  0.000  5.466  4.320  4.334  4.176  3.010  3.387
nectophore__Diphyidae       r=1.330   2.877  4.050  4.536  4.838  4.424  4.427  4.962  4.726  3.868  1.361  4.998  4.232  4.321  4.067  4.136  4.746  3.915  3.656  2.304  4.120  5.466  0.000  5.269  4.816  5.124  3.591  4.986
nauplii__Cirripedia         r=1.328   5.614  5.007  3.731  4.488  3.636  4.191  3.978  1.920  4.762  5.083  3.950  3.595  3.668  5.160  5.147  2.388  4.974  4.696  4.614  4.740  4.320  5.269  0.000  4.596  3.893  4.421  3.400
Euchaetidae                 r=1.127   4.424  2.393  4.255  5.019  3.607  5.747  5.031  4.282  4.805  4.887  5.052  4.144  4.406  3.909  5.087  5.209  5.384  4.993  4.912  3.344  4.334  4.816  4.596  0.000  4.717  3.297  2.441
Limacinidae                 r=1.291   4.816  5.222  4.287  3.900  2.696  4.474  2.809  3.993  4.789  4.894  2.209  5.070  4.475  5.793  4.571  3.711  5.010  4.754  4.683  4.722  4.176  5.124  3.893  4.717  0.000  4.056  4.051
multiple__other             r=1.935   2.678  3.125  3.617  3.917  3.834  4.805  4.184  3.613  3.470  3.734  3.907  3.607  3.335  3.831  3.083  4.411  3.281  3.669  2.965  1.131  3.010  3.591  4.421  3.297  4.056  0.000  3.239
Temoridae                   r=1.478   4.915  3.572  2.971  4.703  3.173  5.610  4.841  3.285  4.251  5.066  4.418  3.862  3.208  4.600  4.517  4.251  4.915  4.392  4.665  3.384  3.387  4.986  3.400  2.441  4.051  3.239  0.000
