Fritillariidae              r=1.111   0.000  4.056  5.634  2.718  4.584  4.412  5.053  4.295  4.955  3.336  3.735  3.479  5.268  5.279  5.379  5.258  4.305  3.323  5.222  3.907  4.657  4.707  4.585  4.706  4.033  4.673  4.376
multiple__Copepoda          r=1.251   4.056  0.000  3.520  3.914  5.142  4.430  3.601  3.469  4.770  4.456  4.089  1.123  3.939  4.936  4.460  4.645  4.095  3.670  3.470  3.398  4.117  3.525  3.997  5.375  3.959  4.577  4.428
Euchaetidae                 r=0.987   5.634  3.520  0.000  5.241  5.480  5.033  2.836  4.455  5.034  5.119  4.798  3.486  4.549  4.795  4.094  4.879  4.871  5.200  2.860  4.563  4.087  4.782  4.493  5.731  4.481  5.290  5.181
Oikopleuridae               r=1.082   2.718  3.914  5.241  0.000  4.796  4.583  4.600  3.814  4.703  2.638  2.788  3.192  5.056  5.447  4.931  4.818  4.394  3.836  4.987  3.743  4.975  4.844  4.794  5.194  4.934  4.607  4.804
Evadne                      r=1.123   4.584  5.142  5.480  4.796  0.000  4.614  4.471  4.479  4.185  4.293  4.630  4.525  4.726  2.833  3.827  4.250  4.868  4.351  5.764  5.200  5.275  4.526  3.753  3.909  3.625  3.429  3.449
gonophore__Diphyidae        r=1.137   4.412  4.430  5.033  4.583  4.614  0.000  5.301  5.916  4.688  4.206  4.546  3.926  4.854  5.261  3.968  4.829  1.842  2.468  4.734  3.167  4.684  4.683  4.820  3.879  4.342  4.761  4.541
Temoridae                   r=1.288   5.053  3.601  2.836  4.600  4.471  5.301  0.000  3.583  4.913  4.426  4.270  3.431  3.196  3.658  3.624  4.311  5.092  4.978  4.040  5.102  4.626  3.579  3.732  5.672  3.979  4.587  4.739
zoea__Decapoda              r=0.918   4.295  3.469  4.455  3.814  4.479  5.916  3.583  0.000  4.825  4.107  3.709  3.144  4.382  4.359  4.726  4.350  5.546  5.091  4.638  5.020  5.200  4.175  4.066  5.881  5.025  4.287  4.664
egg__other                  r=1.065   4.955  4.770  5.034  4.703  4.185  4.688  4.913  4.825  0.000  4.702  4.900  4.128  5.449  4.240  3.927  3.150  5.167  4.645  5.286  4.471  5.346  5.415  4.215  3.288  4.943  2.828  3.951
tail__Appendicularia        r=1.310   3.336  4.456  5.119  2.638  4.293  4.206  4.426  4.107  4.702  0.000  1.171  3.682  4.590  4.724  4.343  4.589  3.780  3.762  4.529  4.199  4.735  4.429  4.147  4.983  4.772  4.641  5.130
tail__Chaetognatha          r=1.295   3.735  4.089  4.798  2.788  4.630  4.546  4.270  3.709  4.900  1.171  0.000  3.377  4.378  4.837  4.454  4.605  3.878  4.061  4.104  4.176  4.630  4.214  4.162  5.368  5.004  4.801  5.401
multiple__other             r=1.832   3.479  1.123  3.486  3.192  4.525  3.926  3.431  3.144  4.128  3.682  3.377  0.000  3.811  4.602  3.901  4.042  3.605  3.258  3.380  2.770  3.892  3.461  3.724  4.774  3.745  3.928  3.883
Oncaeidae                   r=1.073   5.268  3.939  4.549  5.056  4.726  4.854  3.196  4.382  5.449  4.590  4.378  3.811  0.000  3.926  4.154  4.259  4.460  4.341  5.048  5.380  5.657  1.532  3.784  5.738  4.709  4.818  5.256
nauplii__Cirripedia         r=1.248   5.279  4.936  4.795  5.447  2.833  5.261  3.658  4.359  4.240  4.724  4.837  4.602  3.926  0.000  3.991  4.071  5.392  4.758  5.199  5.928  5.287  3.859  2.398  4.375  3.877  4.058  4.576
Ostracoda                   r=1.094   5.379  4.460  4.094  4.931  3.827  3.968  3.624  4.726  3.927  4.343  4.454  3.901  4.154  3.991  0.000  3.190  4.435  4.606  4.742  4.497  5.064  4.489  4.174  4.511  4.375  3.798  4.070
Limacinidae                 r=1.199   5.258  4.645  4.879  4.818  4.250  4.829  4.311  4.350  3.150  4.589  4.605  4.042  4.259  4.071  3.190  0.000  4.978  4.702  5.423  4.949  6.037  4.566  4.151  4.627  5.459  2.502  4.272
nectophore__Diphyidae       r=1.326   4.305  4.095  4.871  4.394  4.868  1.842  5.092  5.546  5.167  3.780  3.878  3.605  4.460  5.392  4.435  4.978  0.000  2.506  4.194  3.078  4.419  4.221  4.747  4.542  4.542  4.994  4.913
eudoxie__Diphyidae          r=1.380   3.323  3.670  5.200  3.836  4.351  2.468  4.978  5.091  4.645  3.762  4.061  3.258  4.341  4.758  4.606  4.702  2.506  0.000  4.779  3.555  4.777  3.772  3.794  4.100  4.021  4.579  4.534
Eucalanidae                 r=1.034   5.222  3.470  2.860  4.987  5.764  4.734  4.040  4.638  5.286  4.529  4.104  3.380  5.048  5.199  4.742  5.423  4.194  4.779  0.000  3.911  2.942  4.749  4.328  5.590  4.618  5.701  5.777
Salpida                     r=1.115   3.907  3.398  4.563  3.743  5.200  3.167  5.102  5.020  4.471  4.199  4.176  2.770  5.380  5.928  4.497  4.949  3.078  3.555  3.911  0.000  3.862  5.064  5.184  4.253  4.423  4.729  4.313
Haloptilus                  r=0.946   4.657  4.117  4.087  4.975  5.275  4.684  4.626  5.200  5.346  4.735  4.630  3.892  5.657  5.287  5.064  6.037  4.419  4.777  2.942  3.862  0.000  5.227  4.837  4.971  3.440  5.596  5.069
Harpacticoida               r=1.328   4.707  3.525  4.782  4.844  4.526  4.683  3.579  4.175  5.415  4.429  4.214  3.461  1.532  3.859  4.489  4.566  4.221  3.772  4.749  5.064  5.227  0.000  3.308  5.425  4.269  4.805  5.109
nauplii__Crustacea          r=1.281   4.585  3.997  4.493  4.794  3.753  4.820  3.732  4.066  4.215  4.147  4.162  3.724  3.784  2.398  4.174  4.151  4.747  3.794  4.328  5.184  4.837  3.308  0.000  4.289  3.912  4.454  4.962
Noctiluca                   r=0.925   4.706  5.375  5.731  5.194  3.909  3.879  5.672  5.881  3.288  4.983  5.368  4.774  5.738  4.375  4.511  4.627  4.542  4.100  5.590  4.253  4.971  5.425  4.289  0.000  4.143  4.281  4.179
Penilia                     r=1.166   4.033  3.959  4.481  4.934  3.625  4.342  3.979  5.025  4.943  4.772  5.004  3.745  4.709  3.877  4.375  5.459  4.542  4.021  4.618  4.423  3.440  4.269  3.912  4.143  0.000  4.774  3.840
Foraminifera                r=1.356   4.673  4.577  5.290  4.607  3.429  4.761  4.587  4.287  2.828  4.641  4.801  3.928  4.818  4.058  3.798  2.502  4.994  4.579  5.701  4.729  5.596  4.805  4.454  4.281  4.774  0.000  2.754
Phaeodaria                  r=0.926   4.376  4.428  5.181  4.804  3.449  4.541  4.739  4.664  3.951  5.130  5.401  3.883  5.256  4.576  4.070  4.272  4.913  4.534  5.777  4.313  5.069  5.109  4.962  4.179  3.840  2.754  0.000
