Fritillariidae              r=1.134   0.000  4.058  5.625  2.694  4.579  4.393  5.043  4.296  4.956  3.304  3.703  3.470  5.248  5.267  5.362  5.278  4.280  3.302  5.209  3.908  4.647  4.687  4.577  4.699  4.021  4.678  4.384
multiple__Copepoda          r=1.263   4.058  0.000  3.510  3.928  5.159  4.428  3.605  3.485  4.781  4.469  4.105  1.128  3.933  4.932  4.462  4.678  4.093  3.674  3.465  3.412  4.109  3.522  4.008  5.388  3.955  4.596  4.446
Euchaetidae                 r=0.989   5.625  3.510  0.000  5.240  5.489  5.032  2.835  4.452  5.045  5.117  4.799  3.468  4.542  4.798  4.103  4.901  4.867  5.200  2.861  4.561  4.075  4.776  4.497  5.743  4.470  5.305  5.193
Oikopleuridae               r=1.102   2.694  3.928  5.240  0.000  4.800  4.574  4.603  3.816  4.705  2.638  2.788  3.196  5.046  5.447  4.917  4.840  4.377  3.821  4.988  3.746  4.966  4.835  4.803  5.197  4.927  4.611  4.809
Evadne                      r=1.115   4.579  5.159  5.489  4.800  0.000  4.623  4.474  4.492  4.187  4.318  4.653  4.532  4.732  2.839  3.826  4.273  4.882  4.350  5.775  5.213  5.282  4.532  3.764  3.911  3.630  3.442  3.467
gonophore__Diphyidae        r=1.139   4.393  4.428  5.032  4.574  4.623  0.000  5.300  5.922  4.686  4.204  4.540  3.911  4.853  5.262  3.958  4.850  1.857  2.466  4.730  3.160  4.686  4.687  4.840  3.888  4.346  4.766  4.552
Temoridae                   r=1.286   5.043  3.605  2.835  4.603  4.474  5.300  0.000  3.586  4.917  4.428  4.275  3.423  3.192  3.653  3.628  4.326  5.090  4.976  4.047  5.113  4.623  3.576  3.730  5.673  3.968  4.597  4.750
zoea__Decapoda              r=0.926   4.296  3.485  4.452  3.816  4.492  5.922  3.586  0.000  4.831  4.128  3.738  3.153  4.378  4.361  4.727  4.371  5.550  5.092  4.656  5.035  5.203  4.172  4.076  5.888  5.023  4.300  4.671
egg__other                  r=1.072   4.956  4.781  5.045  4.705  4.187  4.686  4.917  4.831  0.000  4.734  4.935  4.136  5.442  4.239  3.918  3.155  5.181  4.638  5.312  4.488  5.372  5.412  4.223  3.287  4.950  2.828  3.959
tail__Appendicularia        r=1.289   3.304  4.469  5.117  2.638  4.318  4.204  4.428  4.128  4.734  0.000  1.161  3.683  4.585  4.741  4.347  4.644  3.767  3.751  4.530  4.220  4.735  4.422  4.176  5.006  4.764  4.678  5.163
tail__Chaetognatha          r=1.277   3.703  4.105  4.799  2.788  4.653  4.540  4.275  3.738  4.935  1.161  0.000  3.383  4.373  4.852  4.462  4.662  3.863  4.044  4.110  4.201  4.629  4.205  4.188  5.389  4.993  4.841  5.435
multiple__other             r=1.858   3.470  1.128  3.468  3.196  4.532  3.911  3.423  3.153  4.136  3.683  3.383  0.000  3.792  4.590  3.891  4.073  3.588  3.248  3.368  2.782  3.872  3.445  3.726  4.779  3.727  3.943  3.898
Oncaeidae                   r=1.077   5.248  3.933  4.542  5.046  4.732  4.853  3.192  4.378  5.442  4.585  4.373  3.792  0.000  3.927  4.142  4.258  4.464  4.340  5.050  5.386  5.661  1.532  3.800  5.737  4.706  4.819  5.262
nauplii__Cirripedia         r=1.236   5.267  4.932  4.798  5.447  2.839  5.262  3.653  4.361  4.239  4.741  4.852  4.590  3.927  0.000  3.989  4.088  5.398  4.748  5.204  5.939  5.297  3.857  2.401  4.381  3.877  4.065  4.587
Ostracoda                   r=1.102   5.362  4.462  4.103  4.917  3.826  3.958  3.628  4.727  3.918  4.347  4.462  3.891  4.142  3.989  0.000  3.201  4.434  4.589  4.759  4.496  5.075  4.483  4.180  4.512  4.373  3.798  4.076
Limacinidae                 r=1.176   5.278  4.678  4.901  4.840  4.273  4.850  4.326  4.371  3.155  4.644  4.662  4.073  4.258  4.088  3.201  0.000  5.011  4.725  5.466  4.986  6.073  4.577  4.186  4.648  5.478  2.518  4.290
nectophore__Diphyidae       r=1.319   4.280  4.093  4.867  4.377  4.882  1.857  5.090  5.550  5.181  3.767  3.863  3.588  4.464  5.398  4.434  5.011  0.000  2.508  4.188  3.082  4.417  4.227  4.772  4.559  4.545  5.012  4.935
eudoxie__Diphyidae          r=1.393   3.302  3.674  5.200  3.821  4.350  2.466  4.976  5.092  4.638  3.751  4.044  3.248  4.340  4.748  4.589  4.725  2.508  0.000  4.771  3.564  4.777  3.771  3.802  4.093  4.024  4.586  4.548
Eucalanidae                 r=1.021   5.209  3.465  2.861  4.988  5.775  4.730  4.047  4.656  5.312  4.530  4.110  3.368  5.050  5.204  4.759  5.466  4.188  4.771  0.000  3.922  2.931  4.748  4.341  5.601  4.604  5.731  5.803
Salpida                     r=1.124   3.908  3.412  4.561  3.746  5.213  3.160  5.113  5.035  4.488  4.220  4.201  2.782  5.386  5.939  4.496  4.986  3.082  3.564  3.922  0.000  3.861  5.076  5.214  4.267  4.421  4.748  4.328
Haloptilus                  r=0.927   4.647  4.109  4.075  4.966  5.282  4.686  4.623  5.203  5.372  4.735  4.629  3.872  5.661  5.297  5.075  6.073  4.417  4.777  2.931  3.861  0.000  5.231  4.851  4.991  3.439  5.619  5.086
Harpacticoida               r=1.327   4.687  3.522  4.776  4.835  4.532  4.687  3.576  4.172  5.412  4.422  4.205  3.445  1.532  3.857  4.483  4.577  4.227  3.771  4.748  5.076  5.231  0.000  3.323  5.425  4.267  4.815  5.123
nauplii__Crustacea          r=1.255   4.577  4.008  4.497  4.803  3.764  4.840  3.730  4.076  4.223  4.176  4.188  3.726  3.800  2.401  4.180  4.186  4.772  3.802  4.341  5.214  4.851  3.323  0.000  4.301  3.914  4.475  4.983
Noctiluca                   r=0.903   4.699  5.388  5.743  5.197  3.911  3.888  5.673  5.888  3.287  5.006  5.389  4.779  5.737  4.381  4.512  4.648  4.559  4.093  5.601  4.267  4.991  5.425  4.301  0.000  4.148  4.289  4.195
Penilia                     r=1.164   4.021  3.955  4.470  4.927  3.630  4.346  3.968  5.023  4.950  4.764  4.993  3.727  4.706  3.877  4.373  5.478  4.545  4.024  4.604  4.421  3.439  4.267  3.914  4.148  0.000  4.782  3.850
Foraminifera                r=1.354   4.678  4.596  5.305  4.611  3.442  4.766  4.597  4.300  2.828  4.678  4.841  3.943  4.819  4.065  3.798  2.518  5.012  4.586  5.731  4.748  5.619  4.815  4.475  4.289  4.782  0.000  2.766
Phaeodaria                  r=0.927   4.384  4.446  5.193  4.809  3.467  4.552  4.750  4.671  3.959  5.163  5.435  3.898  5.262  4.587  4.076  4.290  4.935  4.548  5.803  4.328  5.086  5.123  4.983  4.195  3.850  2.766  0.000
