Salpida                     r=1.430   0.000  3.653  4.848  4.116  4.173  3.756  3.948  4.804  3.906  2.579  4.425  4.126  4.618  3.576  3.466  4.981  3.242  3.800  2.786  3.191  4.223  2.558  5.369  4.248  4.587  2.367  4.597
Eucalanidae                 r=1.174   3.653  0.000  4.706  5.430  4.125  5.294  4.973  4.414  4.189  4.430  5.452  4.285  4.624  2.796  4.725  5.422  4.909  4.360  4.521  3.007  4.214  4.111  5.112  1.863  5.214  2.908  3.380
Oncaeidae                   r=1.306   4.848  4.706  0.000  4.892  3.718  5.136  5.125  2.819  4.435  4.491  4.396  4.313  0.786  5.407  4.702  3.961  4.733  4.453  3.873  3.533  3.682  4.456  3.559  4.282  4.173  3.468  2.914
Phaeodaria                  r=1.007   4.116  5.430  4.892  0.000  4.064  3.733  3.953  4.638  5.350  4.441  2.429  3.475  4.819  4.714  4.486  3.235  4.021  5.052  4.278  4.539  4.415  4.800  4.083  5.142  3.697  4.000  4.425
Ostracoda                   r=1.392   4.173  4.125  3.718  4.064  0.000  4.083  3.653  3.806  4.798  3.905  3.509  4.303  4.000  4.767  4.826  3.893  5.014  4.651  4.272  4.201  4.320  4.181  3.775  3.574  2.787  3.715  2.869
Noctiluca                   r=1.128   3.756  5.294  5.136  3.733  4.083  0.000  2.966  4.169  5.183  3.461  3.764  3.903  5.005  4.683  4.718  3.301  4.389  4.844  3.720  5.031  5.319  3.962  3.857  5.446  3.948  4.351  5.054
egg__other                  r=1.257   3.948  4.973  5.125  3.953  3.653  2.966  0.000  4.305  4.524  4.337  2.766  4.871  5.113  5.126  3.960  4.151  4.107  4.305  4.217  4.727  4.387  4.666  4.349  4.988  2.562  3.958  4.601
nauplii__Crustacea          r=1.545   4.804  4.414  2.819  4.638  3.806  4.169  4.305  0.000  4.267  4.470  4.167  3.587  2.656  4.971  4.421  2.984  4.374  4.160  3.630  3.594  3.668  4.616  2.041  4.171  4.040  3.405  2.938
tail__Chaetognatha          r=1.272   3.906  4.189  4.435  5.350  4.798  5.183  4.524  4.267  0.000  4.201  4.807  4.816  4.272  4.604  2.283  4.994  3.037  0.847  3.701  4.042  3.659  3.890  4.973  4.575  4.774  3.248  4.255
gonophore__Diphyidae        r=1.299   2.579  4.430  4.491  4.441  3.905  3.461  4.337  4.470  4.201  0.000  4.590  3.973  4.321  4.212  4.138  4.467  3.791  3.836  1.963  4.096  5.181  1.083  4.825  4.861  4.691  3.437  4.782
Foraminifera                r=1.552   4.425  5.452  4.396  2.429  3.509  3.764  2.766  4.167  4.807  4.590  0.000  4.333  4.401  5.328  4.139  3.159  4.050  4.566  4.268  4.631  4.008  4.886  3.746  5.175  1.884  3.978  4.178
Penilia                     r=1.332   4.126  4.285  4.313  3.475  4.303  3.903  4.871  3.587  4.816  3.973  4.333  0.000  4.071  3.220  4.574  3.237  3.997  4.552  3.708  3.655  4.525  4.200  3.451  4.209  4.958  3.451  3.679
Harpacticoida               r=1.394   4.618  4.624  0.786  4.819  4.000  5.005  5.113  2.656  4.272  4.321  4.401  4.071  0.000  5.203  4.503  3.847  4.441  4.293  3.549  3.258  3.544  4.266  3.497  4.404  4.335  3.214  3.153
Haloptilus                  r=1.012   3.576  2.796  5.407  4.714  4.767  4.683  5.126  4.971  4.604  4.212  5.328  3.220  5.203  0.000  4.839  5.015  4.642  4.600  4.532  3.867  4.975  4.063  5.122  3.609  5.633  3.587  4.416
Oikopleuridae               r=1.234   3.466  4.725  4.702  4.486  4.826  4.718  3.960  4.421  2.283  4.138  4.139  4.574  4.503  4.839  0.000  4.766  1.512  2.087  3.311  3.856  3.249  4.132  5.035  4.902  4.366  2.944  4.328
Evadne                      r=1.284   4.981  5.422  3.961  3.235  3.893  3.301  4.151  2.984  4.994  4.467  3.159  3.237  3.847  5.015  4.766  0.000  4.579  4.719  4.182  4.881  4.474  4.770  1.637  5.171  3.722  4.396  3.937
Fritillariidae              r=1.306   3.242  4.909  4.733  4.021  5.014  4.389  4.107  4.374  3.037  3.791  4.050  3.997  4.441  4.642  1.512  4.579  0.000  2.727  2.758  3.676  3.556  3.916  4.952  5.102  4.506  2.855  4.578
tail__Appendicularia        r=1.433   3.800  4.360  4.453  5.052  4.651  4.844  4.305  4.160  0.847  3.836  4.566  4.552  4.293  4.600  2.087  4.719  2.727  0.000  3.355  4.169  3.865  3.627  4.782  4.707  4.607  3.313  4.267
eudoxie__Diphyidae          r=1.563   2.786  4.521  3.873  4.278  4.272  3.720  4.217  3.630  3.701  1.963  4.268  3.708  3.549  4.532  3.311  4.182  2.758  3.355  0.000  3.303  4.300  2.273  4.427  4.826  4.441  2.686  4.410
multiple__Copepoda          r=1.491   3.191  3.007  3.533  4.539  4.201  5.031  4.727  3.594  4.042  4.096  4.631  3.655  3.258  3.867  3.856  4.881  3.676  4.169  3.303  0.000  2.762  4.014  4.678  3.139  4.696  1.171  3.158
zoea__Decapoda              r=1.211   4.223  4.214  3.682  4.415  4.320  5.319  4.387  3.668  3.659  5.181  4.008  4.525  3.544  4.975  3.249  4.474  3.556  3.865  4.300  2.762  0.000  5.120  4.340  3.957  4.031  2.470  3.102
nectophore__Diphyidae       r=1.313   2.558  4.111  4.456  4.800  4.181  3.962  4.666  4.616  3.890  1.083  4.886  4.200  4.266  4.063  4.132  4.770  3.916  3.627  2.273  4.014  5.120  0.000  5.070  4.714  4.950  3.372  4.792
nauplii__Cirripedia         r=1.367   5.369  5.112  3.559  4.083  3.775  3.857  4.349  2.041  4.973  4.825  3.746  3.451  3.497  5.122  5.035  1.637  4.952  4.782  4.427  4.678  4.340  5.070  0.000  4.763  3.907  4.376  3.375
Euchaetidae                 r=1.096   4.248  1.863  4.282  5.142  3.574  5.446  4.988  4.171  4.575  4.861  5.175  4.209  4.404  3.609  4.902  5.171  5.102  4.707  4.826  3.139  3.957  4.714  4.763  0.000  4.877  3.112  2.366
Limacinidae                 r=1.403   4.587  5.214  4.173  3.697  2.787  3.948  2.562  4.040  4.774  4.691  1.884  4.958  4.335  5.633  4.366  3.722  4.506  4.607  4.441  4.696  4.031  4.950  3.907  4.877  0.000  4.056  3.921
multiple__other             r=2.150   2.367  2.908  3.468  4.000  3.715  4.351  3.958  3.405  3.248  3.437  3.978  3.451  3.214  3.587  2.944  4.396  2.855  3.313  2.686  1.171  2.470  3.372  4.376  3.112  4.056  0.000  3.029
Temoridae                   r=1.606   4.597  3.380  2.914  4.425  2.869  5.054  4.601  2.938  4.255  4.782  4.178  3.679  3.153  4.416  4.328  3.937  4.578  4.267  4.410  3.158  3.102  4.792  3.375  2.366  3.921  3.029  0.000
