Fritillariidae              r=1.078   0.000  5.192  5.226  5.623  4.427  4.292  3.672  4.250  4.536  3.261  3.452  5.389  4.005  5.013  4.699  5.054  2.686  5.288  4.359  4.645  4.725  5.304  4.613  3.909  4.059  4.644  3.289
Eucalanidae                 r=1.020   5.192  0.000  5.021  2.825  5.773  4.618  4.147  4.132  4.278  4.727  3.358  4.717  4.539  5.326  5.570  4.029  4.966  5.191  4.654  2.888  5.708  5.448  5.720  3.879  3.453  4.708  4.544
Oncaeidae                   r=1.114   5.226  5.021  0.000  4.520  5.271  4.383  4.401  4.476  3.747  4.316  3.799  4.159  4.659  5.473  5.725  3.183  5.026  3.953  4.850  5.620  4.846  4.319  4.717  5.344  3.912  1.472  4.593
Euchaetidae                 r=1.012   5.623  2.825  4.520  0.000  5.183  4.429  4.840  4.855  4.416  5.163  3.466  4.062  4.418  5.050  5.713  2.818  5.234  4.763  5.004  4.051  5.282  4.887  5.446  4.530  3.487  4.729  5.139
Phaeodaria                  r=0.936   4.427  5.773  5.271  5.183  0.000  4.670  5.446  4.956  4.964  4.544  3.906  4.089  3.844  3.952  4.154  4.761  4.810  4.575  4.557  5.079  2.755  4.300  3.462  4.331  4.461  5.131  5.176
zoea__Decapoda              r=0.958   4.292  4.618  4.383  4.429  4.670  0.000  3.782  5.511  4.018  5.041  3.127  4.709  5.003  4.821  5.857  3.589  3.766  4.397  5.875  5.192  4.289  4.360  4.502  4.972  3.441  4.154  4.137
tail__Chaetognatha          r=1.260   3.672  4.147  4.401  4.840  5.446  3.782  0.000  3.800  4.181  3.973  3.414  4.472  4.944  4.987  5.367  4.313  2.733  4.911  4.463  4.608  4.894  4.709  4.662  4.163  4.141  4.183  1.123
nectophore__Diphyidae       r=1.302   4.250  4.132  4.476  4.855  4.956  5.511  3.800  0.000  4.723  2.471  3.561  4.450  4.489  5.213  4.515  5.090  4.336  5.416  1.808  4.323  5.060  5.037  4.896  3.036  4.083  4.206  3.721
nauplii__Crustacea          r=1.349   4.536  4.278  3.747  4.416  4.964  4.018  4.181  4.723  0.000  3.779  3.696  4.113  3.877  4.232  4.296  3.679  4.736  2.407  4.797  4.822  4.460  4.158  3.698  5.151  3.961  3.269  4.156
eudoxie__Diphyidae          r=1.411   3.261  4.727  4.316  5.163  4.544  5.041  3.973  2.471  3.779  0.000  3.200  4.571  3.975  4.659  4.060  4.955  3.757  4.767  2.425  4.712  4.601  4.713  4.344  3.507  3.650  3.740  3.693
multiple__other             r=1.844   3.452  3.358  3.799  3.466  3.906  3.127  3.414  3.561  3.696  3.200  0.000  3.920  3.689  4.182  4.755  3.440  3.173  4.622  3.868  3.846  3.963  4.091  4.530  2.718  1.137  3.433  3.692
Ostracoda                   r=1.168   5.389  4.717  4.159  4.062  4.089  4.709  4.472  4.450  4.113  4.571  3.920  0.000  4.352  3.902  4.464  3.622  4.913  3.932  3.976  5.058  3.803  3.176  3.780  4.504  4.476  4.466  4.362
Penilia                     r=1.188   4.005  4.539  4.659  4.418  3.844  5.003  4.944  4.489  3.877  3.975  3.689  4.352  0.000  4.960  4.123  3.953  4.881  3.863  4.279  3.395  4.776  5.474  3.596  4.382  3.921  4.225  4.722
egg__other                  r=1.075   5.013  5.326  5.473  5.050  3.952  4.821  4.987  5.213  4.232  4.659  4.182  3.902  4.960  0.000  3.295  4.948  4.747  4.243  4.731  5.405  2.779  3.101  4.157  4.519  4.820  5.423  4.787
Noctiluca                   r=0.942   4.699  5.570  5.725  5.713  4.154  5.857  5.367  4.515  4.296  4.060  4.755  4.464  4.123  3.295  0.000  5.679  5.187  4.365  3.849  4.966  4.256  4.621  3.847  4.255  5.377  5.402  4.999
Temoridae                   r=1.299   5.054  4.029  3.183  2.818  4.761  3.589  4.313  5.090  3.679  4.955  3.440  3.622  3.953  4.948  5.679  0.000  4.590  3.650  5.297  4.629  4.604  4.350  4.452  5.093  3.592  3.542  4.450
Oikopleuridae               r=1.114   2.686  4.966  5.026  5.234  4.810  3.766  2.733  4.336  4.736  3.757  3.173  4.913  4.881  4.747  5.187  4.590  0.000  5.442  4.537  4.932  4.627  4.833  4.796  3.736  3.924  4.772  2.599
nauplii__Cirripedia         r=1.270   5.288  5.191  3.953  4.763  4.575  4.397  4.911  5.416  2.407  4.767  4.622  3.932  3.863  4.243  4.365  3.650  5.442  0.000  5.274  5.307  4.068  4.103  2.764  5.929  4.944  3.876  4.784
gonophore__Diphyidae        r=1.154   4.359  4.654  4.850  5.004  4.557  5.875  4.463  1.808  4.797  2.425  3.868  3.976  4.279  4.731  3.849  5.297  4.537  5.274  0.000  4.570  4.802  4.869  4.625  3.111  4.404  4.650  4.151
Haloptilus                  r=0.925   4.645  2.888  5.620  4.051  5.079  5.192  4.608  4.323  4.822  4.712  3.846  5.058  3.395  5.405  4.966  4.629  4.932  5.307  4.570  0.000  5.621  6.071  5.254  3.814  4.094  5.194  4.724
Foraminifera                r=1.388   4.725  5.708  4.846  5.282  2.755  4.289  4.894  5.060  4.460  4.601  3.963  3.803  4.776  2.779  4.256  4.604  4.627  4.068  4.802  5.621  0.000  2.525  3.442  4.742  4.608  4.827  4.726
Limacinidae                 r=1.207   5.304  5.448  4.319  4.887  4.300  4.360  4.709  5.037  4.158  4.713  4.091  3.176  5.474  3.101  4.621  4.350  4.833  4.103  4.869  6.071  2.525  0.000  4.261  4.960  4.683  4.598  4.677
Evadne                      r=1.171   4.613  5.720  4.717  5.446  3.462  4.502  4.662  4.896  3.698  4.344  4.530  3.780  3.596  4.157  3.847  4.452  4.796  2.764  4.625  5.254  3.442  4.261  0.000  5.209  5.148  4.497  4.338
Salpida                     r=1.111   3.909  3.879  5.344  4.530  4.331  4.972  4.163  3.036  5.151  3.507  2.718  4.504  4.382  4.519  4.255  5.093  3.736  5.929  3.111  3.814  4.742  4.960  5.209  0.000  3.383  5.012  4.201
multiple__Copepoda          r=1.244   4.059  3.453  3.912  3.487  4.461  3.441  4.141  4.083  3.961  3.650  1.137  4.476  3.921  4.820  5.377  3.592  3.924  4.944  4.404  4.094  4.608  4.683  5.148  3.383  0.000  3.500  4.482
Harpacticoida               r=1.355   4.644  4.708  1.472  4.729  5.131  4.154  4.183  4.206  3.269  3.740  3.433  4.466  4.225  5.423  5.402  3.542  4.772  3.876  4.650  5.194  4.827  4.598  4.497  5.012  3.500  0.000  4.381
tail__Appendicularia        r=1.281   3.289  4.544  4.593  5.139  5.176  4.137  1.123  3.721  4.156  3.693  3.692  4.362  4.722  4.787  4.999  4.450  2.599  4.784  4.151  4.724  4.726  4.677  4.338  4.201  4.482  4.381  0.000
