Fritillariidae              r=1.121   0.000  4.066  5.621  2.715  4.576  4.395  5.047  4.296  4.971  3.323  3.721  3.488  5.259  5.248  5.390  5.289  4.283  3.297  5.209  3.921  4.655  4.703  4.555  4.710  4.019  4.684  4.386
multiple__Copepoda          r=1.248   4.066  0.000  3.507  3.931  5.151  4.434  3.595  3.469  4.803  4.462  4.097  1.122  3.935  4.916  4.491  4.686  4.093  3.671  3.461  3.431  4.116  3.522  3.990  5.407  3.954  4.598  4.453
Euchaetidae                 r=0.998   5.621  3.507  0.000  5.228  5.458  5.024  2.837  4.427  5.041  5.106  4.790  3.462  4.547  4.770  4.102  4.876  4.858  5.194  2.845  4.553  4.078  4.769  4.484  5.740  4.470  5.284  5.174
Oikopleuridae               r=1.096   2.715  3.931  5.228  0.000  4.792  4.573  4.597  3.801  4.714  2.644  2.794  3.202  5.058  5.427  4.938  4.832  4.377  3.820  4.980  3.758  4.971  4.848  4.786  5.208  4.931  4.606  4.812
Evadne                      r=1.139   4.576  5.151  5.458  4.792  0.000  4.592  4.461  4.481  4.183  4.296  4.633  4.531  4.733  2.826  3.819  4.277  4.845  4.342  5.744  5.199  5.257  4.533  3.749  3.901  3.614  3.427  3.444
gonophore__Diphyidae        r=1.144   4.395  4.434  5.024  4.573  4.592  0.000  5.288  5.901  4.675  4.200  4.536  3.920  4.850  5.243  3.970  4.833  1.843  2.478  4.725  3.161  4.679  4.689  4.813  3.876  4.343  4.741  4.536
Temoridae                   r=1.278   5.047  3.595  2.837  4.597  4.461  5.288  0.000  3.571  4.938  4.414  4.262  3.413  3.194  3.633  3.634  4.305  5.068  4.963  4.040  5.107  4.635  3.560  3.734  5.689  3.976  4.588  4.747
zoea__Decapoda              r=0.935   4.296  3.469  4.427  3.801  4.481  5.901  3.571  0.000  4.829  4.105  3.715  3.133  4.386  4.345  4.720  4.353  5.526  5.071  4.631  5.023  5.198  4.177  4.056  5.886  5.018  4.281  4.660
egg__other                  r=1.096   4.971  4.803  5.041  4.714  4.183  4.675  4.938  4.829  0.000  4.731  4.931  4.165  5.464  4.241  3.928  3.167  5.162  4.651  5.300  4.497  5.373  5.431  4.235  3.288  4.964  2.827  3.957
tail__Appendicularia        r=1.299   3.323  4.462  5.106  2.644  4.296  4.200  4.414  4.105  4.731  0.000  1.160  3.680  4.576  4.707  4.353  4.616  3.758  3.748  4.523  4.222  4.737  4.417  4.146  5.010  4.768  4.655  5.157
tail__Chaetognatha          r=1.283   3.721  4.097  4.790  2.794  4.633  4.536  4.262  3.715  4.931  1.160  0.000  3.376  4.363  4.819  4.470  4.635  3.856  4.041  4.103  4.200  4.632  4.197  4.160  5.391  4.997  4.815  5.424
multiple__other             r=1.841   3.488  1.122  3.462  3.202  4.531  3.920  3.413  3.133  4.165  3.680  3.376  0.000  3.791  4.577  3.924  4.082  3.589  3.252  3.356  2.803  3.881  3.443  3.709  4.805  3.733  3.951  3.912
Oncaeidae                   r=1.050   5.259  3.935  4.547  5.058  4.733  4.850  3.194  4.386  5.464  4.576  4.363  3.791  0.000  3.922  4.166  4.263  4.451  4.331  5.047  5.398  5.662  1.517  3.789  5.752  4.707  4.813  5.265
nauplii__Cirripedia         r=1.261   5.248  4.916  4.770  5.427  2.826  5.243  3.633  4.345  4.241  4.707  4.819  4.577  3.922  0.000  3.979  4.094  5.367  4.736  5.177  5.927  5.273  3.850  2.385  4.380  3.858  4.050  4.573
Ostracoda                   r=1.087   5.390  4.491  4.102  4.938  3.819  3.970  3.634  4.720  3.928  4.353  4.470  3.924  4.166  3.979  0.000  3.173  4.437  4.622  4.759  4.523  5.086  4.497  4.188  4.528  4.395  3.777  4.078
Limacinidae                 r=1.180   5.289  4.686  4.876  4.832  4.277  4.833  4.305  4.353  3.167  4.616  4.635  4.082  4.263  4.094  3.173  0.000  4.986  4.728  5.442  4.989  6.065  4.576  4.180  4.665  5.483  2.503  4.300
nectophore__Diphyidae       r=1.324   4.283  4.093  4.858  4.377  4.845  1.843  5.068  5.526  5.162  3.758  3.856  3.589  4.451  5.367  4.437  4.986  0.000  2.502  4.185  3.076  4.413  4.220  4.731  4.540  4.536  4.977  4.911
eudoxie__Diphyidae          r=1.383   3.297  3.671  5.194  3.820  4.342  2.478  4.963  5.071  4.651  3.748  4.041  3.252  4.331  4.736  4.622  4.728  2.502  0.000  4.769  3.575  4.778  3.771  3.777  4.112  4.026  4.578  4.546
Eucalanidae                 r=1.030   5.209  3.461  2.845  4.980  5.744  4.725  4.040  4.631  5.300  4.523  4.103  3.356  5.047  5.177  4.759  5.442  4.185  4.769  0.000  3.906  2.932  4.746  4.319  5.594  4.601  5.710  5.778
Salpida                     r=1.117   3.921  3.431  4.553  3.758  5.199  3.161  5.107  5.023  4.497  4.222  4.200  2.803  5.398  5.927  4.523  4.989  3.076  3.575  3.906  0.000  3.855  5.089  5.196  4.269  4.422  4.751  4.329
Haloptilus                  r=0.931   4.655  4.116  4.078  4.971  5.257  4.679  4.635  5.198  5.373  4.737  4.632  3.881  5.662  5.273  5.086  6.065  4.413  4.778  2.932  3.855  0.000  5.234  4.841  4.987  3.436  5.614  5.066
Harpacticoida               r=1.294   4.703  3.522  4.769  4.848  4.533  4.689  3.560  4.177  5.431  4.417  4.197  3.443  1.517  3.850  4.497  4.576  4.220  3.771  4.746  5.089  5.234  0.000  3.307  5.446  4.271  4.803  5.121
nauplii__Crustacea          r=1.274   4.555  3.990  4.484  4.786  3.749  4.813  3.734  4.056  4.235  4.146  4.160  3.709  3.789  2.385  4.188  4.180  4.731  3.777  4.319  5.196  4.841  3.307  0.000  4.311  3.912  4.459  4.972
Noctiluca                   r=0.917   4.710  5.407  5.740  5.208  3.901  3.876  5.689  5.886  3.288  5.010  5.391  4.805  5.752  4.380  4.528  4.665  4.540  4.112  5.594  4.269  4.987  5.446  4.311  0.000  4.157  4.287  4.182
Penilia                     r=1.163   4.019  3.954  4.470  4.931  3.614  4.343  3.976  5.018  4.964  4.768  4.997  3.733  4.707  3.858  4.395  5.483  4.536  4.026  4.601  4.422  3.436  4.271  3.912  4.157  0.000  4.781  3.832
Foraminifera                r=1.386   4.684  4.598  5.284  4.606  3.427  4.741  4.588  4.281  2.827  4.655  4.815  3.951  4.813  4.050  3.777  2.503  4.977  4.578  5.710  4.751  5.614  4.803  4.459  4.287  4.781  0.000  2.767
Phaeodaria                  r=0.958   4.386  4.453  5.174  4.812  3.444  4.536  4.747  4.660  3.957  5.157  5.424  3.912  5.265  4.573  4.078  4.300  4.911  4.546  5.778  4.329  5.066  5.121  4.972  4.182  3.832  2.767  0.000
