Salpida                     r=1.229   0.000  3.747  5.314  4.243  4.279  4.312  4.382  5.171  4.112  2.967  4.635  4.341  5.079  3.682  3.672  5.218  3.678  4.048  3.466  3.466  4.903  2.886  5.956  4.371  4.946  2.730  4.942
Eucalanidae                 r=1.174   3.747  0.000  4.868  5.683  4.574  5.725  5.227  4.398  4.006  4.599  5.585  4.533  4.646  3.090  4.892  5.773  4.989  4.348  4.638  3.221  4.455  4.106  5.376  2.613  5.426  3.114  3.868
Oncaeidae                   r=1.109   5.314  4.868  0.000  5.159  4.120  5.577  5.353  3.542  4.303  4.831  4.686  4.464  1.061  5.587  5.063  4.527  5.091  4.516  4.130  3.826  4.365  4.593  3.933  4.449  4.280  3.734  3.189
Phaeodaria                  r=0.993   4.243  5.683  5.159  0.000  3.991  4.198  4.029  4.877  5.415  4.578  2.656  3.760  5.050  4.976  4.788  3.470  4.365  5.218  4.488  4.521  4.627  4.909  4.576  5.093  4.202  3.971  4.600
Ostracoda                   r=1.332   4.279  4.574  4.120  3.991  0.000  4.459  3.710  4.018  4.404  3.951  3.735  4.241  4.322  4.988  4.858  3.853  5.208  4.357  4.448  4.409  4.582  4.279  3.997  3.862  3.137  3.794  3.367
Noctiluca                   r=0.840   4.312  5.725  5.577  4.198  4.459  0.000  3.214  4.237  5.346  3.921  4.355  4.139  5.325  4.974  5.126  3.805  4.640  5.015  4.070  5.498  5.824  4.531  4.354  5.818  4.650  4.840  5.527
egg__other                  r=1.253   4.382  5.227  5.353  4.029  3.710  3.214  0.000  4.005  4.702  4.654  2.897  4.831  5.280  5.270  4.486  4.025  4.683  4.553  4.515  4.862  4.596  5.054  4.183  4.992  3.032  4.114  4.684
nauplii__Crustacea          r=1.331   5.171  4.398  3.542  4.877  4.018  4.237  4.005  0.000  4.126  4.875  4.293  3.724  3.206  4.911  4.747  3.472  4.528  4.163  3.828  3.999  3.937  4.964  2.386  4.371  4.057  3.705  3.325
tail__Chaetognatha          r=1.320   4.112  4.006  4.303  5.415  4.404  5.346  4.702  4.126  0.000  4.406  4.729  4.868  4.113  4.626  2.804  4.724  3.585  1.004  4.012  4.041  3.645  3.943  4.953  4.656  4.622  3.285  4.148
gonophore__Diphyidae        r=1.220   2.967  4.599  4.831  4.578  3.951  3.921  4.654  4.875  4.406  0.000  4.854  4.277  4.668  4.452  4.424  4.698  4.175  4.047  2.404  4.459  5.862  1.525  5.388  5.005  5.006  3.878  5.211
Foraminifera                r=1.369   4.635  5.585  4.686  2.656  3.735  4.355  2.897  4.293  4.729  4.854  0.000  4.605  4.644  5.519  4.450  3.395  4.502  4.659  4.528  4.536  4.010  5.065  4.063  5.116  2.453  3.851  4.293
Penilia                     r=1.359   4.341  4.533  4.464  3.760  4.241  4.139  4.831  3.724  4.868  4.277  4.605  0.000  4.112  3.355  4.822  3.496  3.948  4.661  3.830  3.849  4.815  4.514  3.814  4.309  5.306  3.668  3.762
Harpacticoida               r=1.315   5.079  4.646  1.061  5.050  4.322  5.325  5.280  3.206  4.113  4.668  4.644  4.112  0.000  5.255  4.859  4.317  4.702  4.321  3.736  3.528  4.203  4.425  3.843  4.578  4.470  3.475  3.391
Haloptilus                  r=1.038   3.682  3.090  5.587  4.976  4.988  4.974  5.270  4.911  4.626  4.452  5.519  3.355  5.255  0.000  4.925  5.259  4.496  4.649  4.620  4.069  5.172  4.266  5.423  3.994  6.016  3.827  4.627
Oikopleuridae               r=1.060   3.672  4.892  5.063  4.788  4.858  5.126  4.486  4.747  2.804  4.424  4.450  4.822  4.859  4.925  0.000  4.852  2.402  2.566  3.702  3.959  3.757  4.407  5.546  5.132  4.719  3.150  4.538
Evadne                      r=1.231   5.218  5.773  4.527  3.470  3.853  3.805  4.025  3.472  4.724  4.698  3.395  3.496  4.317  5.259  4.852  0.000  4.616  4.501  4.319  5.185  4.444  4.992  2.582  5.446  4.138  4.598  4.276
Fritillariidae              r=1.208   3.678  4.989  5.091  4.365  5.208  4.640  4.683  4.528  3.585  4.175  4.502  3.948  4.702  4.496  2.402  4.616  0.000  3.209  3.110  3.904  4.187  4.266  5.357  5.338  5.087  3.284  4.858
tail__Appendicularia        r=1.337   4.048  4.348  4.516  5.218  4.357  5.015  4.553  4.163  1.004  4.047  4.659  4.661  4.321  4.649  2.566  4.501  3.209  0.000  3.688  4.323  4.036  3.771  4.921  4.922  4.664  3.520  4.321
eudoxie__Diphyidae          r=1.430   3.466  4.638  4.130  4.488  4.448  4.070  4.515  3.828  4.012  2.404  4.528  3.830  3.736  4.620  3.702  4.319  3.110  3.688  0.000  3.582  4.997  2.697  4.831  5.007  4.696  3.150  4.735
multiple__Copepoda          r=1.281   3.466  3.221  3.826  4.521  4.409  5.498  4.862  3.999  4.041  4.459  4.536  3.849  3.528  4.069  3.959  5.185  3.904  4.323  3.582  0.000  3.410  4.218  5.101  3.359  4.727  1.197  3.463
zoea__Decapoda              r=1.056   4.903  4.455  4.365  4.627  4.582  5.824  4.596  3.937  3.645  5.862  4.010  4.815  4.203  5.172  3.757  4.444  4.187  4.036  4.997  3.410  0.000  5.638  4.399  4.205  4.160  3.065  3.297
nectophore__Diphyidae       r=1.288   2.886  4.106  4.593  4.909  4.279  4.531  5.054  4.964  3.943  1.525  5.065  4.514  4.425  4.266  4.407  4.992  4.266  3.771  2.697  4.218  5.638  0.000  5.588  4.779  5.142  3.666  5.098
nauplii__Cirripedia         r=1.192   5.956  5.376  3.933  4.576  3.997  4.354  4.183  2.386  4.953  5.388  4.063  3.814  3.843  5.423  5.546  2.582  5.357  4.921  4.831  5.101  4.399  5.588  0.000  4.900  4.080  4.765  3.554
Euchaetidae                 r=1.170   4.371  2.613  4.449  5.093  3.862  5.818  4.992  4.371  4.656  5.005  5.116  4.309  4.578  3.994  5.132  5.446  5.338  4.922  5.007  3.359  4.205  4.779  4.900  0.000  4.850  3.284  2.674
Limacinidae                 r=1.171   4.946  5.426  4.280  4.202  3.137  4.650  3.032  4.057  4.622  5.006  2.453  5.306  4.470  6.016  4.719  4.138  5.087  4.664  4.696  4.727  4.160  5.142  4.080  4.850  0.000  4.057  4.050
multiple__other             r=1.916   2.730  3.114  3.734  3.971  3.794  4.840  4.114  3.705  3.285  3.878  3.851  3.668  3.475  3.827  3.150  4.598  3.284  3.520  3.150  1.197  3.065  3.666  4.765  3.284  4.057  0.000  3.277
Temoridae                   r=1.540   4.942  3.868  3.189  4.600  3.367  5.527  4.684  3.325  4.148  5.211  4.293  3.762  3.391  4.627  4.538  4.276  4.858  4.321  4.735  3.463  3.297  5.098  3.554  2.674  4.050  3.277  0.000
