Fritillariidae              r=1.101   0.000  4.078  5.651  2.706  4.564  4.359  5.061  4.302  4.997  3.313  3.698  3.485  5.230  5.240  5.398  5.280  4.248  3.286  5.235  3.917  4.657  4.658  4.528  4.693  4.007  4.710  4.405
multiple__Copepoda          r=1.252   4.078  0.000  3.529  3.942  5.136  4.406  3.598  3.462  4.814  4.500  4.138  1.131  3.912  4.899  4.474  4.669  4.081  3.667  3.485  3.400  4.087  3.508  3.955  5.389  3.943  4.610  4.456
Euchaetidae                 r=0.988   5.651  3.529  0.000  5.255  5.456  5.027  2.839  4.440  5.057  5.143  4.825  3.481  4.566  4.756  4.066  4.898  4.872  5.214  2.825  4.559  4.030  4.795  4.464  5.738  4.476  5.304  5.196
Oikopleuridae               r=1.119   2.706  3.942  5.255  0.000  4.764  4.537  4.597  3.777  4.718  2.631  2.766  3.197  5.027  5.398  4.915  4.796  4.346  3.793  5.008  3.745  4.952  4.794  4.741  5.179  4.911  4.602  4.793
Evadne                      r=1.170   4.564  5.136  5.456  4.764  0.000  4.599  4.453  4.473  4.161  4.292  4.615  4.510  4.719  2.792  3.809  4.261  4.861  4.332  5.724  5.192  5.226  4.502  3.713  3.861  3.584  3.445  3.450
gonophore__Diphyidae        r=1.166   4.359  4.406  5.027  4.537  4.599  0.000  5.301  5.879  4.696  4.160  4.471  3.888  4.850  5.242  3.996  4.841  1.822  2.444  4.693  3.125  4.603  4.662  4.788  3.852  4.314  4.788  4.553
Temoridae                   r=1.292   5.061  3.598  2.839  4.597  4.453  5.301  0.000  3.575  4.939  4.451  4.298  3.421  3.208  3.615  3.603  4.332  5.091  4.983  4.037  5.102  4.596  3.587  3.716  5.686  3.973  4.598  4.744
zoea__Decapoda              r=0.957   4.302  3.462  4.440  3.777  4.473  5.879  3.575  0.000  4.812  4.135  3.759  3.122  4.378  4.341  4.696  4.340  5.514  5.063  4.640  4.991  5.169  4.168  4.026  5.860  5.009  4.271  4.643
egg__other                  r=1.080   4.997  4.814  5.057  4.718  4.161  4.696  4.939  4.812  0.000  4.751  4.939  4.165  5.465  4.234  3.907  3.099  5.187  4.652  5.325  4.515  5.392  5.429  4.241  3.277  4.969  2.794  3.946
tail__Appendicularia        r=1.286   3.313  4.500  5.143  2.631  4.292  4.160  4.451  4.135  4.751  0.000  1.139  3.708  4.594  4.713  4.352  4.624  3.731  3.736  4.564  4.224  4.721  4.406  4.145  4.987  4.757  4.686  5.161
tail__Chaetognatha          r=1.285   3.698  4.138  4.825  2.766  4.615  4.471  4.298  3.759  4.939  1.139  0.000  3.405  4.385  4.823  4.449  4.636  3.806  4.007  4.146  4.178  4.595  4.191  4.148  5.349  4.974  4.839  5.419
multiple__other             r=1.850   3.485  1.131  3.481  3.197  4.510  3.888  3.421  3.122  4.165  3.708  3.405  0.000  3.783  4.558  3.910  4.060  3.576  3.239  3.379  2.761  3.841  3.432  3.670  4.770  3.713  3.956  3.903
Oncaeidae                   r=1.097   5.230  3.912  4.566  5.027  4.719  4.850  3.208  4.378  5.465  4.594  4.385  3.783  0.000  3.921  4.149  4.287  4.467  4.322  5.049  5.362  5.610  1.499  3.759  5.736  4.680  4.829  5.247
nauplii__Cirripedia         r=1.281   5.240  4.899  4.756  5.398  2.792  5.242  3.615  4.341  4.234  4.713  4.823  4.558  3.921  0.000  3.920  4.079  5.370  4.731  5.161  5.911  5.254  3.851  2.385  4.374  3.845  4.058  4.571
Ostracoda                   r=1.141   5.398  4.474  4.066  4.915  3.809  3.996  3.603  4.696  3.907  4.352  4.449  3.910  4.149  3.920  0.000  3.164  4.468  4.613  4.724  4.525  5.046  4.482  4.140  4.497  4.379  3.809  4.091
Limacinidae                 r=1.215   5.280  4.669  4.898  4.796  4.261  4.841  4.332  4.340  3.099  4.624  4.636  4.060  4.287  4.079  3.164  0.000  5.011  4.700  5.439  4.962  6.042  4.583  4.153  4.619  5.472  2.505  4.272
nectophore__Diphyidae       r=1.323   4.248  4.081  4.872  4.346  4.861  1.822  5.091  5.514  5.187  3.731  3.806  3.576  4.467  5.370  4.468  5.011  0.000  2.483  4.165  3.053  4.335  4.205  4.703  4.516  4.513  5.043  4.944
eudoxie__Diphyidae          r=1.388   3.286  3.667  5.214  3.793  4.332  2.444  4.983  5.063  4.652  3.736  4.007  3.239  4.322  4.731  4.613  4.700  2.483  0.000  4.783  3.550  4.751  3.747  3.764  4.081  4.016  4.602  4.555
Eucalanidae                 r=0.994   5.235  3.485  2.825  5.008  5.724  4.693  4.037  4.640  5.325  4.564  4.146  3.379  5.049  5.161  4.724  5.439  4.165  4.783  0.000  3.922  2.878  4.754  4.297  5.587  4.595  5.728  5.798
Salpida                     r=1.120   3.917  3.400  4.559  3.745  5.192  3.125  5.102  4.991  4.515  4.224  4.178  2.761  5.362  5.911  4.525  4.962  3.053  3.550  3.922  0.000  3.826  5.042  5.160  4.264  4.409  4.758  4.333
Haloptilus                  r=0.941   4.657  4.087  4.030  4.952  5.226  4.603  4.596  5.169  5.392  4.721  4.595  3.841  5.610  5.254  5.046  6.042  4.335  4.751  2.878  3.826  0.000  5.192  4.802  4.987  3.435  5.621  5.089
Harpacticoida               r=1.320   4.658  3.508  4.795  4.794  4.502  4.662  3.587  4.168  5.429  4.406  4.191  3.432  1.499  3.851  4.482  4.583  4.205  3.747  4.754  5.042  5.192  0.000  3.280  5.421  4.252  4.820  5.114
nauplii__Crustacea          r=1.306   4.528  3.955  4.464  4.741  3.713  4.788  3.716  4.026  4.241  4.145  4.148  3.670  3.759  2.385  4.140  4.153  4.703  3.764  4.297  5.160  4.802  3.280  0.000  4.306  3.894  4.465  4.968
Noctiluca                   r=0.919   4.693  5.389  5.738  5.179  3.861  3.852  5.686  5.860  3.277  4.987  5.349  4.770  5.736  4.374  4.497  4.619  4.516  4.081  5.587  4.264  4.987  5.421  4.306  0.000  4.149  4.272  4.176
Penilia                     r=1.154   4.007  3.943  4.476  4.911  3.584  4.314  3.973  5.009  4.969  4.757  4.974  3.713  4.680  3.845  4.379  5.472  4.513  4.016  4.595  4.409  3.435  4.252  3.894  4.149  0.000  4.794  3.857
Foraminifera                r=1.384   4.710  4.610  5.304  4.602  3.445  4.788  4.598  4.271  2.794  4.686  4.839  3.956  4.829  4.058  3.809  2.505  5.043  4.602  5.728  4.758  5.621  4.820  4.465  4.272  4.794  0.000  2.746
Phaeodaria                  r=0.969   4.405  4.456  5.196  4.793  3.450  4.553  4.744  4.643  3.946  5.161  5.419  3.903  5.247  4.571  4.091  4.272  4.944  4.555  5.798  4.333  5.089  5.114  4.968  4.176  3.857  2.746  0.000
