Salpida                     r=1.491   0.000  3.132  3.382  2.756  1.514  1.745  2.400  1.957  2.830  2.691  3.534  3.715  3.893  3.820  2.724  2.946  1.454  1.976  2.625  3.901  2.441  3.628  1.839  3.602  2.676  2.969  3.817
Temoridae                   r=1.762   3.132  0.000  1.888  2.921  3.304  1.623  2.245  2.919  3.026  3.789  1.611  2.442  2.979  3.149  1.266  1.725  3.166  2.775  2.211  2.447  1.139  1.442  2.062  3.450  2.847  2.836  1.538
Ostracoda                   r=1.709   3.382  1.888  0.000  3.391  3.520  2.532  2.992  3.601  3.491  3.411  2.112  2.134  2.016  1.952  2.616  2.938  3.331  3.627  3.173  2.145  2.518  2.306  2.742  2.407  3.351  2.859  2.179
tail__Appendicularia        r=1.618   2.756  2.921  3.391  0.000  2.280  2.117  2.989  1.715  0.442  3.680  3.264  3.775  3.924  3.812  2.581  3.227  2.581  3.051  2.972  3.804  2.697  3.077  2.310  3.617  0.747  3.812  3.298
nectophore__Diphyidae       r=1.435   1.514  3.304  3.520  2.280  0.000  2.153  2.810  2.167  2.360  3.248  3.670  3.920  4.256  4.143  3.038  3.233  0.948  2.397  2.786  4.098  2.773  3.593  2.006  3.926  2.491  3.678  3.811
multiple__other             r=2.020   1.745  1.623  2.532  2.117  2.153  0.000  1.908  1.633  2.192  3.110  2.365  3.003  3.291  3.302  1.110  1.776  2.113  1.967  1.794  3.100  0.884  2.255  1.164  3.297  1.953  2.697  2.450
Penilia                     r=1.664   2.400  2.245  2.992  2.989  2.810  1.908  0.000  2.327  3.230  2.654  2.293  2.471  3.236  3.489  2.520  2.732  2.297  1.874  2.885  2.636  2.148  2.773  1.546  3.415  2.924  1.879  3.078
Fritillariidae              r=1.508   1.957  2.919  3.601  1.715  2.167  1.633  2.327  0.000  1.878  3.171  3.173  3.695  3.900  3.883  2.389  3.159  2.086  2.577  3.025  3.797  2.336  3.140  1.483  3.660  1.342  3.171  3.411
tail__Chaetognatha          r=1.408   2.830  3.026  3.491  0.442  2.360  2.192  3.230  1.878  0.000  3.835  3.423  3.957  4.051  3.910  2.580  3.258  2.742  3.197  2.973  3.983  2.758  3.171  2.498  3.726  0.861  4.008  3.366
Noctiluca                   r=1.281   2.691  3.789  3.411  3.680  3.248  3.110  2.654  3.171  3.835  0.000  3.228  2.751  2.969  2.897  3.926  4.285  2.792  3.416  4.181  2.929  3.679  3.899  2.786  2.331  3.551  2.546  4.076
nauplii__Crustacea          r=1.602   3.534  1.611  2.112  3.264  3.670  2.365  2.293  3.173  3.423  3.228  0.000  1.350  2.576  2.786  2.426  3.024  3.350  3.483  3.358  1.364  2.222  1.306  2.175  2.991  3.153  2.766  1.556
Evadne                      r=1.411   3.715  2.442  2.134  3.775  3.920  3.003  2.471  3.695  3.957  2.751  1.350  0.000  2.068  2.371  3.277  3.666  3.524  3.789  3.922  0.454  3.046  2.388  2.718  2.526  3.713  2.404  2.542
Foraminifera                r=1.490   3.893  2.979  2.016  3.924  4.256  3.291  3.236  3.900  4.051  2.969  2.576  2.068  0.000  0.819  3.487  4.046  3.936  4.227  4.277  2.043  3.457  3.057  3.259  1.616  3.786  2.248  3.004
Limacinidae                 r=1.383   3.820  3.149  1.952  3.812  4.143  3.302  3.489  3.883  3.910  2.897  2.786  2.371  0.819  0.000  3.563  4.113  3.877  4.336  4.269  2.331  3.544  3.211  3.330  1.064  3.675  2.702  3.139
zoea__Decapoda              r=1.567   2.724  1.266  2.616  2.581  3.038  1.110  2.520  2.389  2.580  3.926  2.426  3.277  3.487  3.563  0.000  1.473  3.077  2.570  1.793  3.295  0.731  2.059  2.007  3.743  2.407  3.119  2.161
Euchaetidae                 r=1.275   2.946  1.725  2.938  3.227  3.233  1.776  2.732  3.159  3.258  4.285  3.024  3.666  4.046  4.113  1.473  0.000  3.317  2.290  0.862  3.687  1.292  2.901  2.642  4.235  3.252  3.471  3.013
gonophore__Diphyidae        r=1.614   1.454  3.166  3.331  2.581  0.948  2.113  2.297  2.086  2.742  2.792  3.350  3.524  3.936  3.877  3.077  3.317  0.000  2.323  3.035  3.741  2.710  3.406  1.597  3.664  2.661  3.184  3.643
Haloptilus                  r=1.491   1.976  2.775  3.627  3.051  2.397  1.967  1.874  2.577  3.197  3.416  3.483  3.789  4.227  4.336  2.570  2.290  2.323  0.000  2.039  3.909  2.241  3.577  2.244  4.224  3.160  2.962  3.820
Eucalanidae                 r=1.345   2.625  2.211  3.173  2.972  2.786  1.794  2.885  3.025  2.973  4.181  3.358  3.922  4.277  4.269  1.793  0.862  3.035  2.039  0.000  3.960  1.628  3.239  2.674  4.283  3.099  3.697  3.376
nauplii__Cirripedia         r=1.430   3.901  2.447  2.145  3.804  4.098  3.100  2.636  3.797  3.983  2.929  1.364  0.454  2.043  2.331  3.295  3.687  3.741  3.909  3.960  0.000  3.115  2.427  2.895  2.478  3.744  2.549  2.571
multiple__Copepoda          r=1.840   2.441  1.139  2.518  2.697  2.773  0.884  2.148  2.336  2.758  3.679  2.222  3.046  3.457  3.544  0.731  1.292  2.710  2.241  1.628  3.115  0.000  1.962  1.630  3.700  2.569  2.933  2.128
Harpacticoida               r=1.466   3.628  1.442  2.306  3.077  3.593  2.255  2.773  3.140  3.171  3.899  1.306  2.388  3.057  3.211  2.059  2.901  3.406  3.577  3.239  2.427  1.962  0.000  2.230  3.571  2.989  3.340  0.498
eudoxie__Diphyidae          r=1.959   1.839  2.062  2.742  2.310  2.006  1.164  1.546  1.483  2.498  2.786  2.175  2.718  3.259  3.330  2.007  2.642  1.597  2.244  2.674  2.895  1.630  2.230  0.000  3.281  2.143  2.535  2.519
egg__other                  r=1.365   3.602  3.450  2.407  3.617  3.926  3.297  3.415  3.660  3.726  2.331  2.991  2.526  1.616  1.064  3.743  4.235  3.664  4.224  4.283  2.478  3.700  3.571  3.281  0.000  3.475  2.834  3.586
Oikopleuridae               r=1.424   2.676  2.847  3.351  0.747  2.491  1.953  2.924  1.342  0.861  3.551  3.153  3.713  3.786  3.675  2.407  3.252  2.661  3.160  3.099  3.744  2.569  2.989  2.143  3.475  0.000  3.648  3.191
Phaeodaria                  r=1.561   2.969  2.836  2.859  3.812  3.678  2.697  1.879  3.171  4.008  2.546  2.766  2.404  2.248  2.702  3.119  3.471  3.184  2.962  3.697  2.549  2.933  3.340  2.535  2.834  3.648  0.000  3.463
Oncaeidae                   r=1.327   3.817  1.538  2.179  3.298  3.811  2.450  3.078  3.411  3.366  4.076  1.556  2.542  3.004  3.139  2.161  3.013  3.643  3.820  3.376  2.571  2.128  0.498  2.519  3.586  3.191  3.463  0.000
