Salpida                     r=1.417   0.000  3.725  5.065  3.961  4.062  3.557  4.018  4.881  3.958  2.309  4.350  3.992  4.865  3.405  3.383  4.796  3.047  3.750  2.683  3.208  4.312  2.481  5.235  4.337  4.386  2.389  4.698
Eucalanidae                 r=1.290   3.725  0.000  4.484  5.126  3.840  5.193  5.006  4.266  3.997  4.255  5.225  4.020  4.365  2.779  4.575  5.064  4.711  4.169  4.224  2.813  3.771  4.055  4.722  1.760  4.895  2.759  3.147
Oncaeidae                   r=1.221   5.065  4.484  0.000  4.897  3.724  5.198  5.159  2.651  4.240  4.674  4.405  4.276  0.665  5.348  4.645  3.827  4.755  4.377  3.813  3.531  3.578  4.679  3.302  3.978  4.267  3.596  2.652
Phaeodaria                  r=1.124   3.961  5.126  4.897  0.000  3.880  3.602  4.065  4.595  5.209  4.305  2.320  3.331  4.830  4.549  4.336  3.069  3.853  4.903  4.016  4.270  4.322  4.745  4.029  4.823  3.607  3.710  4.376
Ostracoda                   r=1.532   4.062  3.840  3.724  3.880  0.000  4.024  3.513  3.747  4.422  3.754  3.277  4.199  3.888  4.625  4.509  3.638  4.734  4.294  3.949  4.032  4.066  4.031  3.480  3.373  2.664  3.551  2.972
Noctiluca                   r=1.151   3.557  5.193  5.198  3.602  4.024  0.000  2.932  4.242  5.107  3.429  3.545  3.846  5.063  4.573  4.550  3.302  4.170  4.759  3.643  4.814  5.251  4.012  3.948  5.365  3.653  4.152  5.108
egg__other                  r=1.035   4.018  5.006  5.159  4.065  3.513  2.932  0.000  4.343  4.348  4.256  2.820  4.948  5.121  5.208  3.810  4.080  3.982  4.103  4.100  4.725  4.441  4.649  4.227  5.014  2.106  3.957  4.733
nauplii__Crustacea          r=1.472   4.881  4.266  2.651  4.595  3.747  4.242  4.343  0.000  4.168  4.513  4.107  3.561  2.411  4.937  4.370  2.813  4.328  4.131  3.459  3.508  3.569  4.730  1.807  3.935  3.932  3.475  2.801
tail__Chaetognatha          r=1.458   3.958  3.997  4.240  5.209  4.422  5.107  4.348  4.168  0.000  4.141  4.628  4.772  4.099  4.482  2.280  4.778  3.138  0.878  3.561  3.853  3.395  3.860  4.681  4.328  4.413  3.154  3.987
gonophore__Diphyidae        r=1.381   2.309  4.255  4.674  4.305  3.754  3.429  4.256  4.513  4.141  0.000  4.497  3.855  4.521  3.915  3.963  4.351  3.605  3.748  2.030  3.922  5.098  1.099  4.755  4.759  4.530  3.308  4.786
Foraminifera                r=1.547   4.350  5.225  4.405  2.320  3.277  3.545  2.820  4.107  4.628  4.497  0.000  4.204  4.393  5.183  4.021  2.941  3.939  4.411  4.059  4.438  3.982  4.848  3.579  4.910  1.841  3.811  4.155
Penilia                     r=1.354   3.992  4.020  4.276  3.331  4.199  3.846  4.948  3.561  4.772  3.855  4.204  0.000  4.034  3.119  4.474  3.025  3.873  4.518  3.427  3.398  4.314  4.204  3.395  3.979  4.799  3.223  3.646
Harpacticoida               r=1.383   4.865  4.365  0.665  4.830  3.888  5.063  5.121  2.411  4.099  4.521  4.393  4.034  0.000  5.137  4.469  3.707  4.496  4.238  3.535  3.247  3.433  4.528  3.215  4.012  4.326  3.354  2.750
Haloptilus                  r=1.095   3.405  2.779  5.348  4.549  4.625  4.573  5.208  4.937  4.482  3.915  5.183  3.119  5.137  0.000  4.706  4.802  4.439  4.415  4.221  3.676  4.743  3.869  4.996  3.713  5.411  3.359  4.416
Oikopleuridae               r=1.324   3.383  4.575  4.645  4.336  4.509  4.550  3.810  4.370  2.280  3.963  4.021  4.474  4.469  4.706  0.000  4.587  1.542  1.997  3.035  3.631  3.225  4.054  4.808  4.682  4.035  2.747  4.211
Evadne                      r=1.429   4.796  5.064  3.827  3.069  3.638  3.302  4.080  2.813  4.778  4.351  2.941  3.025  3.707  4.802  4.587  0.000  4.401  4.524  3.861  4.508  4.253  4.737  1.684  4.736  3.588  4.109  3.681
Fritillariidae              r=1.320   3.047  4.711  4.755  3.853  4.734  4.170  3.982  4.328  3.138  3.605  3.939  3.873  4.496  4.439  1.542  4.401  0.000  2.784  2.472  3.394  3.576  3.851  4.781  4.864  4.216  2.583  4.484
tail__Appendicularia        r=1.537   3.750  4.169  4.377  4.903  4.294  4.759  4.103  4.131  0.878  3.748  4.411  4.518  4.238  4.415  1.997  4.524  2.784  0.000  3.213  3.976  3.658  3.582  4.550  4.479  4.273  3.180  4.087
eudoxie__Diphyidae          r=1.744   2.683  4.224  3.813  4.016  3.949  3.643  4.100  3.459  3.561  2.030  4.059  3.427  3.535  4.221  3.035  3.861  2.472  3.213  0.000  2.937  4.035  2.411  4.121  4.470  4.133  2.416  4.120
multiple__Copepoda          r=1.627   3.208  2.813  3.531  4.270  4.032  4.814  4.725  3.508  3.853  3.922  4.438  3.398  3.247  3.676  3.631  4.508  3.394  3.976  2.937  0.000  2.568  3.960  4.341  2.919  4.411  1.146  2.999
zoea__Decapoda              r=1.321   4.312  3.771  3.578  4.322  4.066  5.251  4.441  3.569  3.395  5.098  3.982  4.314  3.433  4.743  3.225  4.253  3.576  3.658  4.035  2.568  0.000  5.110  4.020  3.366  3.873  2.375  2.661
nectophore__Diphyidae       r=1.305   2.481  4.055  4.679  4.745  4.031  4.012  4.649  4.730  3.860  1.099  4.848  4.204  4.528  3.869  4.054  4.737  3.851  3.582  2.411  3.960  5.110  0.000  5.061  4.722  4.837  3.378  4.841
nauplii__Cirripedia         r=1.399   5.235  4.722  3.302  4.029  3.480  3.948  4.227  1.807  4.681  4.755  3.579  3.395  3.215  4.996  4.808  1.684  4.781  4.550  4.121  4.341  4.020  5.061  0.000  4.255  3.704  4.132  2.987
Euchaetidae                 r=1.168   4.337  1.760  3.978  4.823  3.373  5.365  5.014  3.935  4.328  4.759  4.910  3.979  4.012  3.713  4.682  4.736  4.864  4.479  4.470  2.919  3.366  4.722  4.255  0.000  4.594  2.936  2.107
Limacinidae                 r=1.428   4.386  4.895  4.267  3.607  2.664  3.653  2.106  3.932  4.413  4.530  1.841  4.799  4.326  5.411  4.035  3.588  4.216  4.273  4.133  4.411  3.873  4.837  3.704  4.594  0.000  3.781  3.936
multiple__other             r=2.209   2.389  2.759  3.596  3.710  3.551  4.152  3.957  3.475  3.154  3.308  3.811  3.223  3.354  3.359  2.747  4.109  2.583  3.180  2.416  1.146  2.375  3.378  4.132  2.936  3.781  0.000  2.969
Temoridae                   r=1.596   4.698  3.147  2.652  4.376  2.972  5.108  4.733  2.801  3.987  4.786  4.155  3.646  2.750  4.416  4.211  3.681  4.484  4.087  4.120  2.999  2.661  4.841  2.987  2.107  3.936  2.969  0.000
