Fritillariidae              r=1.097   0.000  4.081  5.652  2.714  4.588  4.370  5.065  4.321  4.998  3.323  3.727  3.492  5.240  5.276  5.392  5.291  4.258  3.297  5.232  3.925  4.651  4.658  4.559  4.710  3.995  4.723  4.420
multiple__Copepoda          r=1.249   4.081  0.000  3.524  3.927  5.143  4.424  3.606  3.475  4.822  4.473  4.113  1.127  3.912  4.932  4.493  4.702  4.090  3.679  3.468  3.419  4.103  3.484  3.990  5.413  3.935  4.643  4.481
Euchaetidae                 r=0.977   5.652  3.524  0.000  5.236  5.452  5.039  2.826  4.438  5.068  5.117  4.800  3.474  4.522  4.785  4.101  4.934  4.873  5.224  2.848  4.565  4.077  4.753  4.483  5.755  4.458  5.331  5.206
Oikopleuridae               r=1.124   2.714  3.927  5.236  0.000  4.784  4.547  4.587  3.794  4.724  2.636  2.791  3.198  5.018  5.440  4.924  4.835  4.347  3.809  4.980  3.735  4.941  4.783  4.770  5.200  4.887  4.633  4.815
Evadne                      r=1.170   4.588  5.143  5.452  4.784  0.000  4.584  4.455  4.476  4.158  4.310  4.642  4.512  4.702  2.808  3.777  4.223  4.848  4.339  5.736  5.178  5.238  4.497  3.734  3.875  3.600  3.436  3.448
gonophore__Diphyidae        r=1.155   4.370  4.424  5.039  4.547  4.584  0.000  5.305  5.895  4.688  4.188  4.516  3.905  4.847  5.252  3.977  4.844  1.836  2.465  4.724  3.138  4.650  4.654  4.810  3.861  4.301  4.779  4.545
Temoridae                   r=1.278   5.065  3.606  2.826  4.587  4.455  5.305  0.000  3.571  4.948  4.425  4.275  3.419  3.179  3.665  3.636  4.364  5.090  4.992  4.032  5.103  4.618  3.566  3.731  5.695  3.974  4.629  4.770
zoea__Decapoda              r=0.937   4.321  3.475  4.438  3.794  4.476  5.895  3.571  0.000  4.826  4.119  3.742  3.138  4.368  4.373  4.711  4.364  5.529  5.083  4.636  5.005  5.182  4.156  4.053  5.880  5.005  4.312  4.673
egg__other                  r=1.079   4.998  4.822  5.068  4.724  4.158  4.688  4.948  4.826  0.000  4.770  4.967  4.177  5.457  4.243  3.907  3.110  5.182  4.666  5.324  4.485  5.369  5.415  4.246  3.286  4.949  2.820  3.953
tail__Appendicularia        r=1.299   3.323  4.473  5.117  2.636  4.310  4.188  4.425  4.119  4.770  0.000  1.150  3.692  4.570  4.754  4.363  4.667  3.739  3.757  4.529  4.214  4.710  4.383  4.165  5.024  4.730  4.724  5.181
tail__Chaetognatha          r=1.280   3.727  4.113  4.800  2.791  4.642  4.516  4.275  3.742  4.967  1.150  0.000  3.395  4.365  4.866  4.474  4.695  3.834  4.045  4.105  4.185  4.597  4.169  4.176  5.398  4.957  4.891  5.449
multiple__other             r=1.849   3.492  1.127  3.474  3.198  4.512  3.905  3.419  3.138  4.177  3.692  3.395  0.000  3.772  4.585  3.922  4.096  3.583  3.254  3.360  2.783  3.850  3.400  3.697  4.798  3.689  3.991  3.925
Oncaeidae                   r=1.093   5.240  3.912  4.522  5.018  4.702  4.847  3.179  4.368  5.457  4.570  4.365  3.772  0.000  3.936  4.146  4.304  4.466  4.337  5.026  5.354  5.627  1.524  3.789  5.735  4.672  4.846  5.259
nauplii__Cirripedia         r=1.250   5.276  4.932  4.785  5.440  2.808  5.252  3.665  4.373  4.243  4.754  4.866  4.585  3.936  0.000  3.960  4.086  5.389  4.748  5.189  5.921  5.277  3.866  2.407  4.373  3.868  4.086  4.589
Ostracoda                   r=1.130   5.392  4.493  4.101  4.924  3.777  3.977  3.636  4.711  3.907  4.363  4.474  3.922  4.146  3.960  0.000  3.204  4.448  4.621  4.752  4.501  5.060  4.480  4.166  4.492  4.361  3.815  4.080
Limacinidae                 r=1.201   5.291  4.702  4.934  4.835  4.223  4.844  4.364  4.364  3.110  4.667  4.695  4.096  4.304  4.086  3.204  0.000  5.015  4.721  5.473  4.963  6.060  4.596  4.183  4.611  5.459  2.491  4.253
nectophore__Diphyidae       r=1.325   4.258  4.090  4.873  4.347  4.848  1.836  5.090  5.529  5.182  3.739  3.834  3.583  4.466  5.389  4.448  5.015  0.000  2.505  4.180  3.057  4.380  4.199  4.737  4.534  4.498  5.035  4.931
eudoxie__Diphyidae          r=1.375   3.297  3.679  5.224  3.809  4.339  2.465  4.992  5.083  4.666  3.757  4.045  3.254  4.337  4.748  4.621  4.721  2.505  0.000  4.791  3.573  4.779  3.742  3.787  4.107  4.009  4.617  4.568
Eucalanidae                 r=1.005   5.232  3.468  2.848  4.980  5.736  4.724  4.032  4.636  5.324  4.529  4.105  3.360  5.026  5.189  4.752  5.473  4.180  4.791  0.000  3.918  2.935  4.719  4.314  5.613  4.581  5.750  5.811
Salpida                     r=1.130   3.925  3.419  4.565  3.735  5.178  3.138  5.103  5.005  4.485  4.214  4.185  2.783  5.354  5.921  4.501  4.963  3.057  3.573  3.918  0.000  3.846  5.024  5.176  4.261  4.387  4.750  4.332
Haloptilus                  r=0.935   4.651  4.103  4.077  4.941  5.238  4.650  4.618  5.182  5.369  4.710  4.597  3.850  5.627  5.277  5.060  6.060  4.380  4.779  2.935  3.846  0.000  5.195  4.820  4.985  3.405  5.622  5.086
Harpacticoida               r=1.347   4.658  3.484  4.753  4.783  4.497  4.654  3.566  4.156  5.415  4.383  4.169  3.400  1.524  3.866  4.480  4.596  4.199  3.742  4.719  5.024  5.195  0.000  3.304  5.419  4.236  4.834  5.121
nauplii__Crustacea          r=1.271   4.559  3.990  4.483  4.770  3.734  4.810  3.731  4.053  4.246  4.165  4.176  3.697  3.789  2.407  4.166  4.183  4.737  3.787  4.314  5.176  4.820  3.304  0.000  4.312  3.897  4.501  4.994
Noctiluca                   r=0.926   4.710  5.413  5.755  5.200  3.875  3.861  5.695  5.880  3.286  5.024  5.398  4.798  5.735  4.373  4.492  4.611  4.534  4.107  5.613  4.261  4.985  5.419  4.312  0.000  4.140  4.281  4.180
Penilia                     r=1.185   3.995  3.935  4.458  4.887  3.600  4.301  3.974  5.005  4.949  4.730  4.957  3.689  4.672  3.868  4.361  5.459  4.498  4.009  4.581  4.387  3.405  4.236  3.897  4.140  0.000  4.790  3.861
Foraminifera                r=1.338   4.723  4.643  5.331  4.633  3.436  4.779  4.629  4.312  2.820  4.724  4.891  3.991  4.846  4.086  3.815  2.491  5.035  4.617  5.750  4.750  5.622  4.834  4.501  4.281  4.790  0.000  2.751
Phaeodaria                  r=0.939   4.420  4.481  5.206  4.815  3.448  4.545  4.770  4.673  3.953  5.181  5.449  3.925  5.259  4.589  4.080  4.253  4.931  4.568  5.811  4.332  5.086  5.121  4.994  4.180  3.861  2.751  0.000
