Fritillariidae              r=1.124   0.000  4.064  5.612  2.705  4.595  4.379  5.044  4.298  4.977  3.303  3.700  3.471  5.258  5.273  5.392  5.323  4.272  3.284  5.198  3.917  4.634  4.699  4.572  4.722  4.011  4.705  4.404
multiple__Copepoda          r=1.244   4.064  0.000  3.501  3.930  5.172  4.426  3.606  3.480  4.817  4.474  4.110  1.124  3.940  4.947  4.494  4.724  4.086  3.669  3.461  3.439  4.110  3.526  4.018  5.438  3.959  4.621  4.474
Euchaetidae                 r=0.997   5.612  3.501  0.000  5.219  5.479  5.022  2.842  4.424  5.052  5.109  4.795  3.457  4.534  4.805  4.105  4.895  4.849  5.190  2.864  4.555  4.085  4.760  4.495  5.774  4.474  5.298  5.190
Oikopleuridae               r=1.108   2.705  3.930  5.219  0.000  4.824  4.564  4.605  3.812  4.726  2.651  2.797  3.196  5.059  5.466  4.948  4.871  4.367  3.809  4.971  3.744  4.946  4.847  4.813  5.228  4.925  4.634  4.827
Evadne                      r=1.132   4.595  5.172  5.479  4.824  0.000  4.618  4.469  4.496  4.186  4.342  4.677  4.551  4.737  2.828  3.837  4.300  4.884  4.352  5.766  5.232  5.261  4.534  3.740  3.908  3.615  3.449  3.466
gonophore__Diphyidae        r=1.154   4.379  4.426  5.022  4.564  4.618  0.000  5.296  5.902  4.674  4.202  4.529  3.906  4.858  5.271  3.983  4.867  1.858  2.468  4.718  3.159  4.661  4.695  4.842  3.896  4.339  4.766  4.543
Temoridae                   r=1.278   5.044  3.606  2.842  4.605  4.469  5.296  0.000  3.572  4.935  4.427  4.283  3.423  3.193  3.665  3.635  4.325  5.080  4.969  4.057  5.120  4.631  3.562  3.735  5.704  3.975  4.597  4.755
zoea__Decapoda              r=0.941   4.298  3.480  4.424  3.812  4.496  5.902  3.572  0.000  4.834  4.128  3.748  3.149  4.379  4.361  4.721  4.379  5.530  5.071  4.644  5.033  5.195  4.171  4.062  5.901  5.013  4.300  4.672
egg__other                  r=1.100   4.977  4.817  5.052  4.726  4.186  4.674  4.935  4.834  0.000  4.767  4.969  4.182  5.456  4.253  3.919  3.180  5.180  4.650  5.324  4.509  5.379  5.429  4.240  3.296  4.964  2.831  3.964
tail__Appendicularia        r=1.285   3.303  4.474  5.109  2.651  4.342  4.202  4.427  4.128  4.767  0.000  1.158  3.692  4.584  4.757  4.389  4.685  3.756  3.740  4.524  4.238  4.728  4.420  4.185  5.049  4.763  4.717  5.191
tail__Chaetognatha          r=1.274   3.700  4.110  4.795  2.797  4.677  4.529  4.283  3.748  4.969  1.158  0.000  3.392  4.371  4.871  4.504  4.706  3.840  4.025  4.102  4.213  4.621  4.198  4.199  5.427  4.992  4.880  5.462
multiple__other             r=1.842   3.471  1.124  3.457  3.196  4.551  3.906  3.423  3.149  4.182  3.692  3.392  0.000  3.799  4.611  3.931  4.131  3.577  3.237  3.355  2.807  3.860  3.448  3.736  4.832  3.722  3.979  3.929
Oncaeidae                   r=1.060   5.258  3.940  4.534  5.059  4.737  4.858  3.193  4.379  5.456  4.584  4.371  3.799  0.000  3.939  4.160  4.264  4.473  4.342  5.049  5.408  5.663  1.525  3.799  5.762  4.712  4.825  5.276
nauplii__Cirripedia         r=1.237   5.273  4.947  4.805  5.466  2.828  5.271  3.665  4.361  4.253  4.757  4.871  4.611  3.939  0.000  4.000  4.118  5.408  4.757  5.212  5.964  5.303  3.866  2.392  4.398  3.886  4.077  4.598
Ostracoda                   r=1.097   5.392  4.494  4.105  4.948  3.837  3.983  3.635  4.721  3.919  4.389  4.504  3.931  4.160  4.000  0.000  3.191  4.461  4.623  4.777  4.537  5.087  4.500  4.195  4.552  4.393  3.798  4.082
Limacinidae                 r=1.162   5.323  4.724  4.895  4.871  4.300  4.867  4.325  4.379  3.180  4.685  4.706  4.131  4.264  4.118  3.191  0.000  5.036  4.759  5.482  5.029  6.092  4.592  4.212  4.696  5.506  2.544  4.325
nectophore__Diphyidae       r=1.318   4.272  4.086  4.849  4.367  4.884  1.858  5.080  5.530  5.180  3.756  3.840  3.577  4.473  5.408  4.461  5.036  0.000  2.512  4.164  3.083  4.392  4.239  4.774  4.581  4.543  5.021  4.939
eudoxie__Diphyidae          r=1.393   3.284  3.669  5.190  3.809  4.352  2.468  4.969  5.071  4.650  3.740  4.025  3.237  4.342  4.757  4.623  4.759  2.512  0.000  4.762  3.581  4.761  3.780  3.809  4.123  4.022  4.599  4.554
Eucalanidae                 r=1.022   5.198  3.461  2.864  4.971  5.766  4.718  4.057  4.644  5.324  4.524  4.102  3.355  5.049  5.212  4.777  5.482  4.164  4.762  0.000  3.908  2.945  4.745  4.348  5.632  4.610  5.740  5.807
Salpida                     r=1.109   3.917  3.439  4.555  3.744  5.232  3.159  5.120  5.033  4.509  4.238  4.213  2.807  5.408  5.964  4.537  5.029  3.083  3.581  3.908  0.000  3.845  5.102  5.232  4.310  4.429  4.777  4.358
Haloptilus                  r=0.920   4.634  4.110  4.085  4.946  5.261  4.661  4.631  5.195  5.379  4.728  4.621  3.860  5.663  5.303  5.087  6.092  4.392  4.761  2.945  3.845  0.000  5.232  4.859  5.006  3.435  5.623  5.076
Harpacticoida               r=1.295   4.699  3.526  4.760  4.847  4.534  4.695  3.562  4.171  5.429  4.420  4.198  3.448  1.525  3.866  4.500  4.592  4.239  3.780  4.745  5.102  5.232  0.000  3.322  5.457  4.275  4.824  5.138
nauplii__Crustacea          r=1.259   4.572  4.018  4.495  4.813  3.740  4.842  3.735  4.062  4.240  4.185  4.199  3.736  3.799  2.392  4.195  4.212  4.774  3.809  4.348  5.232  4.859  3.322  0.000  4.328  3.916  4.486  4.987
Noctiluca                   r=0.876   4.722  5.438  5.774  5.228  3.908  3.896  5.704  5.901  3.296  5.049  5.427  4.832  5.762  4.398  4.552  4.696  4.581  4.123  5.632  4.310  5.006  5.457  4.328  0.000  4.167  4.308  4.207
Penilia                     r=1.154   4.011  3.959  4.474  4.925  3.615  4.339  3.975  5.013  4.964  4.763  4.992  3.722  4.712  3.886  4.393  5.506  4.543  4.022  4.610  4.429  3.435  4.275  3.916  4.167  0.000  4.787  3.843
Foraminifera                r=1.368   4.705  4.621  5.298  4.634  3.449  4.766  4.597  4.300  2.831  4.717  4.880  3.979  4.825  4.077  3.798  2.544  5.021  4.599  5.740  4.777  5.623  4.824  4.486  4.308  4.787  0.000  2.771
Phaeodaria                  r=0.934   4.404  4.474  5.190  4.827  3.466  4.543  4.755  4.672  3.964  5.191  5.462  3.929  5.276  4.598  4.082  4.325  4.939  4.554  5.807  4.358  5.076  5.138  4.987  4.207  3.843  2.771  0.000
