Salpida                     r=1.128   0.000  3.650  5.301  4.219  4.626  4.102  4.450  5.210  3.859  3.035  4.669  4.358  5.023  3.575  3.368  5.371  3.475  3.923  3.225  3.466  4.559  2.763  5.790  4.367  4.889  2.637  4.987
Eucalanidae                 r=1.259   3.650  0.000  4.761  5.492  4.331  5.425  5.239  4.364  4.102  4.500  5.467  4.323  4.578  3.010  4.655  5.527  4.979  4.422  4.460  2.991  4.227  4.092  5.090  2.199  5.160  2.869  3.565
Oncaeidae                   r=1.161   5.301  4.761  0.000  5.104  3.879  5.492  5.432  3.271  4.492  4.692  4.630  4.382  0.899  5.548  4.841  4.254  4.927  4.553  4.050  3.680  3.969  4.669  3.688  4.196  4.067  3.683  2.988
Phaeodaria                  r=0.969   4.219  5.492  5.104  0.000  4.171  3.920  3.991  4.966  5.239  4.302  2.466  3.711  4.994  4.768  4.417  3.526  4.016  4.998  4.242  4.544  4.477  4.686  4.432  5.088  3.824  3.983  4.716
Ostracoda                   r=1.389   4.626  4.331  3.879  4.171  0.000  4.273  3.814  3.988  4.657  3.912  3.539  4.272  4.134  4.970  4.761  3.775  5.195  4.551  4.284  4.400  4.465  4.325  3.738  3.629  2.612  3.921  3.157
Noctiluca                   r=1.011   4.102  5.425  5.492  3.920  4.273  0.000  2.934  4.423  5.113  3.597  3.968  4.008  5.336  4.738  4.670  3.638  4.241  4.816  3.858  5.282  5.559  4.139  4.201  5.516  4.362  4.592  5.433
egg__other                  r=0.992   4.450  5.239  5.432  3.991  3.814  2.934  0.000  4.333  4.635  4.474  2.842  4.915  5.373  5.253  4.160  4.007  4.436  4.416  4.346  5.075  4.703  4.902  4.264  5.165  3.026  4.355  4.977
nauplii__Crustacea          r=1.366   5.210  4.364  3.271  4.966  3.988  4.423  4.333  0.000  4.198  4.786  4.373  3.754  3.003  5.033  4.490  3.361  4.357  4.182  3.822  3.768  3.783  4.974  2.135  4.116  4.028  3.601  3.246
tail__Chaetognatha          r=1.392   3.859  4.102  4.492  5.239  4.657  5.113  4.635  4.198  0.000  4.184  4.780  4.827  4.292  4.654  2.301  4.867  3.310  0.870  3.661  4.099  3.753  3.843  4.876  4.589  4.588  3.375  4.299
gonophore__Diphyidae        r=1.273   3.035  4.500  4.692  4.302  3.912  3.597  4.474  4.786  4.184  0.000  4.576  4.020  4.513  4.371  4.057  4.641  3.733  3.906  2.058  4.247  5.423  1.341  5.086  4.863  4.726  3.615  5.009
Foraminifera                r=1.495   4.669  5.467  4.630  2.466  3.539  3.968  2.842  4.373  4.780  4.576  0.000  4.431  4.598  5.305  4.220  3.207  4.276  4.566  4.309  4.717  4.117  4.933  3.864  5.086  2.129  4.078  4.376
Penilia                     r=1.330   4.358  4.323  4.382  3.711  4.272  4.008  4.915  3.754  4.827  4.020  4.431  0.000  4.115  3.223  4.619  3.385  3.825  4.638  3.717  3.705  4.671  4.279  3.527  4.051  4.942  3.485  3.797
Harpacticoida               r=1.382   5.023  4.578  0.899  4.994  4.134  5.336  5.373  3.003  4.292  4.513  4.598  4.115  0.000  5.272  4.605  4.159  4.546  4.375  3.694  3.306  3.777  4.448  3.622  4.274  4.241  3.348  3.195
Haloptilus                  r=1.019   3.575  3.010  5.548  4.768  4.970  4.738  5.253  5.033  4.654  4.371  5.305  3.223  5.272  0.000  4.762  5.105  4.530  4.741  4.525  3.904  5.012  4.160  5.187  3.812  5.668  3.604  4.611
Oikopleuridae               r=1.291   3.368  4.655  4.841  4.417  4.761  4.670  4.160  4.490  2.301  4.057  4.220  4.619  4.605  4.762  0.000  4.756  2.219  2.164  3.306  3.928  3.547  4.062  5.076  4.868  4.317  3.052  4.451
Evadne                      r=1.156   5.371  5.527  4.254  3.526  3.775  3.638  4.007  3.361  4.867  4.641  3.207  3.385  4.159  5.105  4.756  0.000  4.537  4.621  4.345  5.082  4.471  5.026  2.054  5.106  3.715  4.598  4.132
Fritillariidae              r=1.167   3.475  4.979  4.927  4.016  5.195  4.241  4.436  4.357  3.310  3.733  4.276  3.825  4.546  4.530  2.219  4.537  0.000  3.011  2.704  3.914  4.092  3.873  4.898  5.226  4.753  3.186  4.878
tail__Appendicularia        r=1.423   3.923  4.422  4.553  4.998  4.551  4.816  4.416  4.182  0.870  3.906  4.566  4.638  4.375  4.741  2.164  4.621  3.011  0.000  3.417  4.359  4.032  3.729  4.739  4.815  4.472  3.580  4.395
eudoxie__Diphyidae          r=1.551   3.225  4.460  4.050  4.242  4.284  3.858  4.346  3.822  3.661  2.058  4.309  3.717  3.694  4.525  3.306  4.345  2.704  3.417  0.000  3.406  4.573  2.372  4.561  4.738  4.433  2.839  4.564
multiple__Copepoda          r=1.303   3.466  2.991  3.680  4.544  4.400  5.282  5.075  3.768  4.099  4.247  4.717  3.705  3.306  3.904  3.928  5.082  3.914  4.359  3.406  0.000  3.065  4.072  4.710  3.103  4.649  1.123  3.311
zoea__Decapoda              r=1.221   4.559  4.227  3.969  4.477  4.465  5.559  4.703  3.783  3.753  5.423  4.117  4.671  3.777  5.012  3.547  4.471  4.092  4.032  4.573  3.065  0.000  5.320  4.220  3.919  3.941  2.812  3.213
nectophore__Diphyidae       r=1.308   2.763  4.092  4.669  4.686  4.325  4.139  4.902  4.974  3.843  1.341  4.933  4.279  4.448  4.160  4.062  5.026  3.873  3.729  2.372  4.072  5.320  0.000  5.405  4.734  5.032  3.468  5.027
nauplii__Cirripedia         r=1.451   5.790  5.090  3.688  4.432  3.738  4.201  4.264  2.135  4.876  5.086  3.864  3.527  3.622  5.187  5.076  2.054  4.898  4.739  4.561  4.710  4.220  5.405  0.000  4.529  3.829  4.474  3.371
Euchaetidae                 r=1.227   4.367  2.199  4.196  5.088  3.629  5.516  5.165  4.116  4.589  4.863  5.086  4.051  4.274  3.812  4.868  5.106  5.226  4.815  4.738  3.103  3.919  4.734  4.529  0.000  4.604  3.067  2.291
Limacinidae                 r=1.512   4.889  5.160  4.067  3.824  2.612  4.362  3.026  4.028  4.588  4.726  2.129  4.942  4.241  5.668  4.317  3.715  4.753  4.472  4.433  4.649  3.941  5.032  3.829  4.604  0.000  4.063  3.781
multiple__other             r=1.962   2.637  2.869  3.683  3.983  3.921  4.592  4.355  3.601  3.375  3.615  4.078  3.485  3.348  3.604  3.052  4.598  3.186  3.580  2.839  1.123  2.812  3.468  4.474  3.067  4.063  0.000  3.233
Temoridae                   r=1.493   4.987  3.565  2.988  4.716  3.157  5.433  4.977  3.246  4.299  5.009  4.376  3.797  3.195  4.611  4.451  4.132  4.878  4.395  4.564  3.311  3.213  5.027  3.371  2.291  3.781  3.233  0.000
