Salpida                     r=1.254   0.000  3.926  5.255  4.070  4.363  4.282  4.542  5.167  4.133  2.954  4.581  4.312  5.045  3.766  3.578  5.097  3.611  4.083  3.199  3.521  4.754  2.913  5.782  4.577  4.833  2.798  5.033
Eucalanidae                 r=1.242   3.926  0.000  4.758  5.570  4.622  5.740  5.483  4.359  4.023  4.679  5.536  4.474  4.597  2.910  4.891  5.590  5.058  4.422  4.606  3.224  4.375  4.161  5.135  2.520  5.382  3.106  3.772
Oncaeidae                   r=1.136   5.255  4.758  0.000  5.032  4.069  5.583  5.446  3.430  4.204  4.801  4.624  4.503  1.059  5.480  4.850  4.388  4.926  4.439  4.137  3.635  4.042  4.445  3.765  4.149  4.332  3.534  2.964
Phaeodaria                  r=1.054   4.070  5.570  5.032  0.000  4.010  4.171  4.139  4.978  5.379  4.456  2.407  3.871  4.987  4.967  4.613  3.529  4.319  5.168  4.312  4.423  4.537  4.801  4.618  5.058  3.899  3.838  4.623
Ostracoda                   r=1.245   4.363  4.622  4.069  4.010  0.000  4.435  3.797  4.104  4.598  3.958  3.551  4.424  4.380  5.026  4.804  3.800  5.225  4.453  4.277  4.461  4.661  4.331  3.938  3.934  2.873  3.845  3.462
Noctiluca                   r=0.839   4.282  5.740  5.583  4.171  4.435  0.000  3.289  4.328  5.436  3.847  4.242  4.162  5.433  5.000  5.036  3.667  4.554  5.047  3.959  5.525  5.835  4.444  4.193  5.846  4.400  4.883  5.574
egg__other                  r=0.912   4.542  5.483  5.446  4.139  3.797  3.289  0.000  4.266  4.865  4.674  2.965  5.166  5.496  5.474  4.438  4.079  4.730  4.588  4.434  5.172  4.933  5.063  4.261  5.364  2.767  4.447  5.068
nauplii__Crustacea          r=1.344   5.167  4.359  3.430  4.978  4.104  4.328  4.266  0.000  4.046  4.807  4.355  3.973  3.201  4.881  4.585  3.417  4.368  4.049  3.786  3.944  3.971  4.712  2.097  4.339  4.074  3.669  3.469
tail__Chaetognatha          r=1.381   4.133  4.023  4.204  5.379  4.598  5.436  4.865  4.046  0.000  4.458  4.850  4.968  4.091  4.603  2.687  4.709  3.500  1.122  3.921  3.968  3.552  3.779  4.773  4.634  4.728  3.331  4.194
gonophore__Diphyidae        r=1.195   2.954  4.679  4.801  4.456  3.958  3.847  4.674  4.807  4.458  0.000  4.743  4.123  4.636  4.453  4.338  4.518  4.006  4.082  2.133  4.424  5.710  1.584  5.173  5.081  4.867  3.872  5.187
Foraminifera                r=1.483   4.581  5.536  4.624  2.407  3.551  4.242  2.965  4.355  4.850  4.743  0.000  4.594  4.675  5.421  4.377  3.290  4.497  4.685  4.378  4.580  4.184  4.965  3.976  5.080  2.207  3.898  4.331
Penilia                     r=1.199   4.312  4.474  4.503  3.871  4.424  4.162  5.166  3.973  4.968  4.123  4.594  0.000  4.236  3.297  4.859  3.497  3.989  4.745  3.797  3.861  4.962  4.365  3.824  4.294  5.242  3.665  3.886
Harpacticoida               r=1.266   5.045  4.597  1.059  4.987  4.380  5.433  5.496  3.201  4.091  4.636  4.675  4.236  0.000  5.214  4.748  4.308  4.592  4.350  3.806  3.357  3.983  4.239  3.761  4.363  4.586  3.323  3.330
Haloptilus                  r=1.046   3.766  2.910  5.480  4.967  5.026  5.000  5.474  4.881  4.603  4.453  5.421  3.297  5.214  0.000  4.940  5.100  4.610  4.687  4.589  4.045  5.075  4.295  5.199  3.897  5.824  3.792  4.530
Oikopleuridae               r=1.194   3.578  4.891  4.850  4.613  4.804  5.036  4.438  4.585  2.687  4.338  4.377  4.859  4.748  4.940  0.000  4.669  2.380  2.431  3.527  3.974  3.646  4.155  5.222  5.137  4.572  3.222  4.588
Evadne                      r=1.286   5.097  5.590  4.388  3.529  3.800  3.667  4.079  3.417  4.709  4.518  3.290  3.497  4.308  5.100  4.669  0.000  4.465  4.398  4.143  5.060  4.513  4.774  2.424  5.220  3.885  4.473  4.157
Fritillariidae              r=1.209   3.611  5.058  4.926  4.319  5.225  4.554  4.730  4.368  3.500  4.006  4.497  3.989  4.592  4.610  2.380  4.465  0.000  3.110  2.925  3.915  4.145  3.941  5.029  5.404  4.993  3.344  4.932
tail__Appendicularia        r=1.370   4.083  4.422  4.439  5.168  4.453  5.047  4.588  4.049  1.122  4.082  4.685  4.745  4.350  4.687  2.431  4.398  3.110  0.000  3.594  4.335  3.998  3.598  4.666  4.915  4.632  3.622  4.334
eudoxie__Diphyidae          r=1.555   3.199  4.606  4.137  4.312  4.277  3.959  4.434  3.786  3.921  2.133  4.378  3.797  3.806  4.589  3.527  4.143  2.925  3.594  0.000  3.520  4.807  2.306  4.551  4.938  4.494  3.054  4.712
multiple__Copepoda          r=1.297   3.521  3.224  3.635  4.423  4.461  5.525  5.172  3.944  3.968  4.424  4.580  3.861  3.357  4.045  3.974  5.060  3.915  4.335  3.520  0.000  3.181  4.097  4.842  3.389  4.754  1.119  3.487
zoea__Decapoda              r=1.080   4.754  4.375  4.042  4.537  4.661  5.835  4.933  3.971  3.552  5.710  4.184  4.962  3.983  5.075  3.646  4.513  4.145  3.998  4.807  3.181  0.000  5.331  4.419  4.180  4.292  2.856  3.454
nectophore__Diphyidae       r=1.352   2.913  4.161  4.445  4.801  4.331  4.444  5.063  4.712  3.779  1.584  4.965  4.365  4.239  4.295  4.155  4.774  3.941  3.598  2.306  4.097  5.331  0.000  5.274  4.849  5.009  3.569  4.983
nauplii__Cirripedia         r=1.290   5.782  5.135  3.765  4.618  3.938  4.193  4.261  2.097  4.773  5.173  3.976  3.824  3.761  5.199  5.222  2.424  5.029  4.666  4.551  4.842  4.419  5.274  0.000  4.675  3.946  4.505  3.468
Euchaetidae                 r=1.143   4.577  2.520  4.149  5.058  3.934  5.846  5.364  4.339  4.634  5.081  5.080  4.294  4.363  3.897  5.137  5.220  5.404  4.915  4.938  3.389  4.180  4.849  4.675  0.000  4.864  3.280  2.467
Limacinidae                 r=1.364   4.833  5.382  4.332  3.899  2.873  4.400  2.767  4.074  4.728  4.867  2.207  5.242  4.586  5.824  4.572  3.885  4.993  4.632  4.494  4.754  4.292  5.009  3.946  4.864  0.000  4.072  4.182
multiple__other             r=1.960   2.798  3.106  3.534  3.838  3.845  4.883  4.447  3.669  3.331  3.872  3.898  3.665  3.323  3.792  3.222  4.473  3.344  3.622  3.054  1.119  2.856  3.569  4.505  3.280  4.072  0.000  3.295
Temoridae                   r=1.420   5.033  3.772  2.964  4.623  3.462  5.574  5.068  3.469  4.194  5.187  4.331  3.886  3.330  4.530  4.588  4.157  4.932  4.334  4.712  3.487  3.454  4.983  3.468  2.467  4.182  3.295  0.000
