Fritillariidae              r=1.109   0.000  4.066  5.634  2.706  4.582  4.405  5.056  4.300  4.960  3.328  3.722  3.472  5.272  5.270  5.385  5.288  4.299  3.316  5.220  3.916  4.641  4.708  4.585  4.706  4.023  4.680  4.376
multiple__Copepoda          r=1.250   4.066  0.000  3.523  3.918  5.155  4.428  3.612  3.486  4.783  4.478  4.108  1.133  3.951  4.930  4.469  4.679  4.099  3.677  3.481  3.419  4.114  3.536  4.005  5.393  3.959  4.591  4.438
Euchaetidae                 r=0.996   5.634  3.523  0.000  5.236  5.493  5.025  2.839  4.464  5.041  5.125  4.802  3.483  4.564  4.797  4.099  4.894  4.866  5.204  2.869  4.568  4.079  4.796  4.505  5.748  4.480  5.300  5.190
Oikopleuridae               r=1.114   2.706  3.918  5.236  0.000  4.789  4.567  4.601  3.811  4.692  2.633  2.779  3.181  5.060  5.435  4.919  4.832  4.375  3.817  4.984  3.732  4.948  4.842  4.794  5.187  4.917  4.601  4.788
Evadne                      r=1.117   4.582  5.155  5.493  4.789  0.000  4.622  4.477  4.495  4.186  4.315  4.649  4.533  4.739  2.844  3.841  4.276  4.892  4.352  5.773  5.221  5.277  4.533  3.763  3.912  3.624  3.442  3.463
gonophore__Diphyidae        r=1.148   4.405  4.428  5.025  4.567  4.622  0.000  5.302  5.921  4.682  4.194  4.530  3.909  4.862  5.261  3.966  4.853  1.855  2.471  4.720  3.169  4.672  4.693  4.828  3.894  4.343  4.764  4.542
Temoridae                   r=1.298   5.056  3.612  2.839  4.601  4.477  5.302  0.000  3.597  4.915  4.441  4.283  3.442  3.213  3.648  3.634  4.325  5.102  4.983  4.055  5.121  4.625  3.591  3.741  5.680  3.976  4.594  4.744
zoea__Decapoda              r=0.923   4.300  3.486  4.464  3.811  4.495  5.921  3.597  0.000  4.832  4.136  3.744  3.161  4.401  4.362  4.739  4.377  5.559  5.096  4.664  5.041  5.200  4.189  4.076  5.888  5.026  4.302  4.669
egg__other                  r=1.070   4.960  4.783  5.041  4.692  4.186  4.682  4.915  4.832  0.000  4.719  4.921  4.134  5.454  4.236  3.920  3.160  5.183  4.643  5.312  4.496  5.362  5.421  4.225  3.285  4.947  2.830  3.955
tail__Appendicularia        r=1.299   3.328  4.478  5.125  2.633  4.315  4.194  4.441  4.136  4.719  0.000  1.169  3.692  4.607  4.737  4.361  4.637  3.768  3.750  4.537  4.215  4.734  4.441  4.176  4.998  4.771  4.669  5.149
tail__Chaetognatha          r=1.288   3.722  4.108  4.802  2.779  4.649  4.530  4.283  3.744  4.921  1.169  0.000  3.387  4.392  4.847  4.472  4.655  3.861  4.042  4.113  4.192  4.627  4.220  4.184  5.381  4.998  4.834  5.422
multiple__other             r=1.849   3.472  1.133  3.483  3.181  4.533  3.909  3.442  3.161  4.134  3.692  3.387  0.000  3.827  4.597  3.907  4.078  3.594  3.251  3.378  2.773  3.868  3.475  3.730  4.777  3.734  3.940  3.888
Oncaeidae                   r=1.077   5.272  3.951  4.564  5.060  4.739  4.862  3.213  4.401  5.454  4.607  4.392  3.827  0.000  3.925  4.168  4.268  4.486  4.347  5.070  5.409  5.677  1.534  3.795  5.751  4.722  4.827  5.266
nauplii__Cirripedia         r=1.251   5.270  4.930  4.797  5.435  2.844  5.261  3.648  4.362  4.236  4.737  4.847  4.597  3.925  0.000  3.996  4.084  5.407  4.750  5.201  5.946  5.298  3.854  2.396  4.383  3.879  4.066  4.586
Ostracoda                   r=1.096   5.385  4.469  4.099  4.919  3.841  3.966  3.634  4.739  3.920  4.361  4.472  3.907  4.168  3.996  0.000  3.201  4.456  4.609  4.759  4.514  5.072  4.506  4.192  4.528  4.384  3.803  4.074
Limacinidae                 r=1.179   5.288  4.679  4.894  4.832  4.276  4.853  4.325  4.377  3.160  4.637  4.655  4.078  4.268  4.084  3.201  0.000  5.025  4.734  5.464  4.997  6.065  4.588  4.184  4.652  5.482  2.528  4.293
nectophore__Diphyidae       r=1.320   4.299  4.099  4.866  4.375  4.892  1.855  5.102  5.559  5.183  3.768  3.861  3.594  4.486  5.407  4.456  5.025  0.000  2.515  4.179  3.085  4.408  4.246  4.769  4.568  4.552  5.022  4.935
eudoxie__Diphyidae          r=1.385   3.316  3.677  5.204  3.817  4.352  2.471  4.983  5.096  4.643  3.750  4.042  3.251  4.347  4.750  4.609  4.734  2.515  0.000  4.779  3.577  4.773  3.777  3.799  4.106  4.022  4.587  4.540
Eucalanidae                 r=1.020   5.220  3.481  2.869  4.984  5.773  4.720  4.055  4.664  5.312  4.537  4.113  3.378  5.070  5.201  4.759  5.464  4.179  4.779  0.000  3.923  2.940  4.766  4.344  5.607  4.613  5.723  5.794
Salpida                     r=1.097   3.916  3.419  4.568  3.732  5.221  3.169  5.121  5.041  4.496  4.215  4.192  2.773  5.409  5.946  4.514  4.997  3.085  3.577  3.923  0.000  3.856  5.095  5.215  4.283  4.433  4.755  4.332
Haloptilus                  r=0.923   4.641  4.114  4.079  4.948  5.277  4.672  4.625  5.200  5.362  4.734  4.627  3.868  5.677  5.298  5.072  6.065  4.408  4.773  2.940  3.856  0.000  5.247  4.858  4.987  3.441  5.605  5.070
Harpacticoida               r=1.317   4.708  3.536  4.796  4.842  4.533  4.693  3.591  4.189  5.421  4.441  4.220  3.475  1.534  3.854  4.506  4.588  4.246  3.777  4.766  5.095  5.247  0.000  3.315  5.437  4.280  4.820  5.125
nauplii__Crustacea          r=1.264   4.585  4.005  4.505  4.794  3.763  4.828  3.741  4.076  4.225  4.176  4.184  3.730  3.795  2.396  4.192  4.184  4.769  3.799  4.344  5.215  4.858  3.315  0.000  4.302  3.922  4.472  4.977
Noctiluca                   r=0.883   4.706  5.393  5.748  5.187  3.912  3.894  5.680  5.888  3.285  4.998  5.381  4.777  5.751  4.383  4.528  4.652  4.568  4.106  5.607  4.283  4.987  5.437  4.302  0.000  4.154  4.287  4.193
Penilia                     r=1.157   4.023  3.959  4.480  4.917  3.624  4.343  3.976  5.026  4.947  4.771  4.998  3.734  4.722  3.879  4.384  5.482  4.552  4.022  4.613  4.433  3.441  4.280  3.922  4.154  0.000  4.777  3.841
Foraminifera                r=1.357   4.680  4.591  5.300  4.601  3.442  4.764  4.594  4.302  2.830  4.669  4.834  3.940  4.827  4.066  3.803  2.528  5.022  4.587  5.723  4.755  5.605  4.820  4.472  4.287  4.777  0.000  2.758
Phaeodaria                  r=0.928   4.376  4.438  5.190  4.788  3.463  4.542  4.744  4.669  3.955  5.149  5.422  3.888  5.266  4.586  4.074  4.293  4.935  4.540  5.794  4.332  5.070  5.125  4.977  4.193  3.841  2.758  0.000
